0.001804
0.0002
9.2e-05
9.2e-05
9.7e-05
0.000109
0.000136
0.00016
0.000132
0.000124
0.000129
0.000121
0.000128
0.000135
0.000141
0.000137
0.000107
0.000116
0.000124
0.000128
0.000148
0.000113
0.000137
0.000124
0.000132
0.000161
0.000129
0.00012
0.000129
0.000109
0.000133
0.000113
0.005597
0.000232
0.000236
0.000132
0.000156
0.000132
0.000116
0.00012
0.000137
0.000121
0.000139
0.001359
0.000137
0.000172
0.00016
0.00016
0.000133
0.000125
0.000137
0.000121
0.000145
0.000116
0.000132
0.000108
0.000161
0.000144
0.00014
0.000128
0.000192
0.000132
0.000141
0.00014
0.000165
0.000136
0.000148
0.000148
0.00012
0.00014
0.000116
0.00012
0.000131
0.000131
0.000156
0.00012
0.000124
0.000148
9.2e-05
0.000116
0.000124
0.000148
0.000143
0.000156
0.000108
0.000137
0.000133
0.000105
0.00012
0.000121
0.000157
0.000144
0.001319
0.00016
0.000128
0.00016
0.000144
0.000293
0.000104
0.000112
0.000101
0.000152
0.000137
0.000112
0.000117
0.000131
0.000165
0.000152
0.000128
0.000156
0.000108
0.00012
0.000137
0.001684
0.000128
0.000136
0.000129
0.000144
0.000104
0.00012
0.000125
0.000137
0.000116
0.000143
0.000128
0.000152
0.000144
0.000137
0.000137
0.000148
0.00014
0.000167
0.000109
0.00012
0.000135
0.000148
0.000156
0.000141
0.000156
0.000175
0.000188
0.000152
0.000156
0.000144
0.000157
0.001403
0.000149
0.000152
0.00016
0.000164
0.000161
0.000157
0.000152
0.000156
0.000137
0.000144
0.000144
0.000156
0.000137
0.000136
0.000192
0.000112
0.000148
0.000112
0.000116
0.000156
0.000125
0.00012
0.000129
0.000135
0.000152
0.000125
0.000116
0.00016
0.000108
0.000196
0.000164
0.000168
0.000156
0.000101
0.000176
0.000152
0.000137
0.000152
0.000116
0.000152
0.000112
0.000136
0.00014
0.000137
0.000133
0.000112
0.000164
0.00014
0.000164
0.000168
0.00014
0.000141
0.000137
0.000133
0.000121
0.000116
0.00012
0.000233
0.000133
0.000116
0.000116
0.000164
0.00012
0.00014
0.000157
0.000152
0.000152
0.000184
0.000132
0.000145
0.000128
0.000152
0.000112
0.000152
0.000148
0.000132
0.000152
0.00012
0.000141
0.00018
0.000114
0.000144
0.000152
0.00014
0.000167
0.000116
0.000144
0.000156
0.000152
0.000148
0.000152
0.000124
0.000144
0.000109
0.000144
0.000172
0.00014
0.00016
0.00012
0.000165
0.000112
0.000135
0.000133
0.00012
0.000128
0.000127
0.000124
0.000131
0.000156
0.00016
0.000176
0.00014
0.000146
0.000149
0.000152
0.000176
0.000161
0.000167
0.000143
0.000143
0.000145
0.000137
0.000157
0.000148
0.000156
0.000137
0.000141
0.000144
0.000141
0.000137
0.000152
0.000152
0.000141
0.000177
0.000156
0.000177
0.00014
0.000148
0.000171
0.000161
0.000197
0.000188
0.000136
0.000116
0.000132
0.000141
0.00012
0.000129
0.000156
0.000121
0.000148
0.000141
0.00014
0.000135
0.000104
0.00011
0.000196
0.000152
0.00012
0.000108
0.000161
0.000148
0.000156
0.00014
0.000139
0.000104
0.000148
0.000143
0.000139
0.000139
0.000144
0.000116
0.000128
0.000116
0.000112
0.000133
0.000149
0.000121
0.000104
0.000128
0.000137
0.000135
0.000133
0.000108
0.000113
0.000137
0.000144
0.000129
0.000148
0.000156
0.000131
0.000132
0.000164
0.000141
0.000136
0.000132
0.000161
0.000156
0.000112
0.000228
0.000104
8.9e-05
8.8e-05
8.8e-05
9.2e-05
9.5e-05
8.8e-05
8.5e-05
9.1e-05
8.9e-05
0.000105
9.2e-05
8.8e-05
8.8e-05
9.1e-05
9.2e-05
8.4e-05
9.2e-05
9.2e-05
8.9e-05
8.8e-05
9.2e-05
9.2e-05
9.2e-05
0.000105
8.9e-05
9.5e-05
8.9e-05
8.5e-05
9.5e-05
8.8e-05
8.9e-05
8.9e-05
9.1e-05
0.000101
9.6e-05
9.9e-05
8.8e-05
0.000112
8.4e-05
9.1e-05
8.9e-05
9.3e-05
8.8e-05
9.2e-05
9.2e-05
9.5e-05
8.9e-05
0.000108
9.1e-05
8.7e-05
0.000112
9.2e-05
8.4e-05
8.4e-05
8.4e-05
9.3e-05
8.9e-05
8.4e-05
8.9e-05
8.4e-05
8.4e-05
8.9e-05
8.4e-05
8.9e-05
8.4e-05
9.2e-05
8.8e-05
9.3e-05
0.000112
9.5e-05
8.4e-05
8.8e-05
9.2e-05
8.8e-05
8.8e-05
8.7e-05
9.5e-05
8.4e-05
9.6e-05
9.1e-05
8.5e-05
9.2e-05
8.9e-05
8.8e-05
8.4e-05
9.3e-05
8.8e-05
0.000105
8.8e-05
8.9e-05
8.8e-05
8.9e-05
8.8e-05
8.4e-05
9.1e-05
9.2e-05
8.8e-05
9.6e-05
9.6e-05
8.8e-05
8.9e-05
9.3e-05
9.1e-05
8.9e-05
8.4e-05
8.8e-05
0.000112
9.5e-05
9.2e-05
9.5e-05
8.9e-05
9.2e-05
0.000103
8.4e-05
8.9e-05
8.4e-05
9.5e-05
8.5e-05
8.8e-05
8.9e-05
9.6e-05
8.8e-05
0.000109
9.5e-05
9.3e-05
8.8e-05
9.1e-05
0.000257
0.000169
0.000137
0.000124
0.000116
0.000189
0.000144
0.000112
0.000133
0.000156
0.000152
0.000175
0.000153
0.000156
0.000137
0.000188
0.000148
0.000105
8.8e-05
8.9e-05
8.8e-05
9.1e-05
9.3e-05
9.1e-05
8.9e-05
8.9e-05
0.000144
8.9e-05
8.8e-05
9.5e-05
8.9e-05
9.2e-05
9.2e-05
8.8e-05
8.9e-05
8.8e-05
8.8e-05
9.2e-05
8.4e-05
9.3e-05
0.000176
0.000392
0.000156
8.8e-05
0.0001
9.1e-05
8.9e-05
