0.00101
0.00011
5.8e-05
4.4e-05
4.2e-05
6.3e-05
4.4e-05
5.3e-05
5.7e-05
4.3e-05
4e-05
4.9e-05
4.7e-05
5.8e-05
4e-05
4.5e-05
5.2e-05
5.9e-05
5e-05
3.9e-05
4e-05
4.2e-05
4.9e-05
0.000103
5e-05
4e-05
5.2e-05
9.6e-05
4.9e-05
4e-05
5.2e-05
4.4e-05
5.2e-05
6.7e-05
5.6e-05
4.7e-05
7.9e-05
5.3e-05
4.2e-05
5.5e-05
4.2e-05
4.1e-05
5.8e-05
4.2e-05
0.000281
3.7e-05
3.6e-05
3.2e-05
3.7e-05
3.6e-05
3.4e-05
3.5e-05
3.2e-05
3.8e-05
3.2e-05
3.3e-05
3.7e-05
3.4e-05
3.5e-05
3.6e-05
3.3e-05
3.6e-05
3.9e-05
3.6e-05
3.4e-05
3.2e-05
3.6e-05
3.6e-05
3.5e-05
3.3e-05
3.3e-05
3.6e-05
3.3e-05
3.2e-05
3.8e-05
3.5e-05
3.5e-05
3.4e-05
3.8e-05
3.6e-05
3.4e-05
3.4e-05
3.7e-05
3.6e-05
3.8e-05
3.2e-05
3.5e-05
3.7e-05
3.6e-05
3.4e-05
3.5e-05
3.2e-05
3.7e-05
3.2e-05
3.7e-05
3.8e-05
3.7e-05
3.2e-05
3.8e-05
3.4e-05
3.6e-05
3.2e-05
3.3e-05
3.5e-05
3.4e-05
3.3e-05
3.4e-05
3.2e-05
3.4e-05
3.1e-05
3.6e-05
3.3e-05
3.7e-05
3.2e-05
3.3e-05
3.5e-05
3.9e-05
3.6e-05
3.8e-05
3.8e-05
3.2e-05
3.5e-05
3.3e-05
3.8e-05
3.2e-05
3.5e-05
3.6e-05
3.7e-05
3.4e-05
3.8e-05
3.9e-05
3.3e-05
3.5e-05
3.2e-05
3.7e-05
3.3e-05
3.5e-05
3.6e-05
3.5e-05
3.7e-05
3.8e-05
3.5e-05
3.2e-05
3.5e-05
3.6e-05
3.3e-05
3.5e-05
3.4e-05
3.4e-05
3.1e-05
3.7e-05
3.4e-05
3.7e-05
3.1e-05
3.5e-05
3.2e-05
3.7e-05
3.4e-05
3.7e-05
3.3e-05
3.8e-05
3.5e-05
3.4e-05
3.2e-05
3.5e-05
3.2e-05
3.2e-05
3.3e-05
3.7e-05
3.4e-05
3.3e-05
3.7e-05
3.8e-05
3.6e-05
3.7e-05
3.3e-05
3.8e-05
3.1e-05
3.4e-05
3.6e-05
3.3e-05
3.2e-05
3.5e-05
3.3e-05
3.2e-05
3.1e-05
3.3e-05
3.1e-05
3.8e-05
3.3e-05
3.5e-05
3.2e-05
3.7e-05
3.6e-05
3.6e-05
3.7e-05
3.4e-05
3.2e-05
3.2e-05
3.5e-05
3.7e-05
3.3e-05
3.4e-05
3.3e-05
3.7e-05
3.6e-05
3.8e-05
3.4e-05
3.5e-05
3.2e-05
3.4e-05
3.6e-05
3.2e-05
3.1e-05
3.3e-05
3.6e-05
4e-05
3.4e-05
3.5e-05
3.4e-05
3.7e-05
3.7e-05
3.3e-05
3.8e-05
3.5e-05
3.8e-05
3.1e-05
3.2e-05
3.6e-05
3.8e-05
3.8e-05
3.6e-05
3.5e-05
3.1e-05
3.6e-05
3.6e-05
3.2e-05
3.2e-05
3.3e-05
3.6e-05
3.5e-05
3.5e-05
4.1e-05
3.6e-05
3.2e-05
3.6e-05
3.6e-05
3.4e-05
3.7e-05
3.3e-05
3.6e-05
3.5e-05
3.2e-05
0.001895
4.5e-05
4e-05
3.4e-05
3.7e-05
3.4e-05
3.6e-05
3.3e-05
3.4e-05
3.7e-05
3.4e-05
3.3e-05
3.3e-05
3.3e-05
3.3e-05
3.2e-05
3.2e-05
3.3e-05
3.3e-05
3.5e-05
3.3e-05
3.7e-05
3.2e-05
3.4e-05
0.000152
3.4e-05
3.2e-05
4.7e-05
3.1e-05
3.7e-05
3.6e-05
3.4e-05
0.000191
3.3e-05
3.7e-05
3.1e-05
3.2e-05
3.7e-05
3.5e-05
3.7e-05
3.7e-05
3.3e-05
3.7e-05
3.1e-05
3.2e-05
3.2e-05
3.3e-05
3.1e-05
3.7e-05
3.3e-05
3.5e-05
3.7e-05
0.000154
3.4e-05
3.6e-05
3.2e-05
3.3e-05
3.2e-05
3.7e-05
3.4e-05
3.4e-05
3.3e-05
3.4e-05
3.2e-05
3.7e-05
3.3e-05
3.3e-05
8.9e-05
3.3e-05
3.2e-05
3.2e-05
8.3e-05
3.5e-05
3.2e-05
3.3e-05
3.3e-05
3.7e-05
3.2e-05
3.7e-05
3.2e-05
3.6e-05
3.4e-05
3.3e-05
3.8e-05
4.1e-05
3.7e-05
3.5e-05
3.5e-05
3.4e-05
3.8e-05
3.8e-05
3.4e-05
3.5e-05
3.3e-05
3.3e-05
3.5e-05
3.8e-05
3.5e-05
3.3e-05
3.4e-05
3.4e-05
3.3e-05
3.6e-05
3.2e-05
3.3e-05
3.1e-05
3.6e-05
3.3e-05
3.8e-05
3.7e-05
3.3e-05
3.4e-05
3.2e-05
3.3e-05
3.3e-05
3.3e-05
3.3e-05
3.6e-05
3.8e-05
3.6e-05
3.3e-05
3.4e-05
3.3e-05
3.2e-05
3.3e-05
3.7e-05
3.7e-05
3.5e-05
3.4e-05
3.6e-05
3.3e-05
3.4e-05
3.7e-05
3.1e-05
3.8e-05
3.3e-05
3.7e-05
3.2e-05
3.5e-05
3.1e-05
3.4e-05
3.4e-05
3.5e-05
3.2e-05
3.7e-05
3.2e-05
3.5e-05
8.1e-05
3.5e-05
3.7e-05
3.4e-05
3.3e-05
3.6e-05
3.3e-05
3.7e-05
3.3e-05
3.4e-05
3.7e-05
3.5e-05
3.2e-05
0.000108
3.6e-05
3.2e-05
3.3e-05
3.4e-05
3.3e-05
4e-05
3.4e-05
3.6e-05
3.6e-05
3.2e-05
3.4e-05
3.4e-05
3.7e-05
3.6e-05
3.4e-05
9.6e-05
3.6e-05
3.6e-05
4.4e-05
8.9e-05
5.5e-05
0.000368
9.5e-05
5e-05
5.7e-05
4.6e-05
4.5e-05
5.6e-05
4.1e-05
3.9e-05
3.2e-05
3.6e-05
3.7e-05
3.6e-05
3.3e-05
3.3e-05
3.4e-05
3.5e-05
3.9e-05
3.7e-05
3.5e-05
3.6e-05
3.2e-05
3.3e-05
3.3e-05
3.4e-05
3.3e-05
3.4e-05
3.6e-05
3.8e-05
3.7e-05
3.7e-05
3.7e-05
3.3e-05
3.2e-05
3.7e-05
3.2e-05
3.5e-05
3.2e-05
3.7e-05
3.3e-05
3.4e-05
3.7e-05
3.3e-05
3.2e-05
3.6e-05
3.2e-05
3.9e-05
3.2e-05
3.7e-05
3.2e-05
3.3e-05
3.4e-05
3.2e-05
3.4e-05
3.7e-05
3.7e-05
3.4e-05
3.3e-05
3.8e-05
3.6e-05
3.7e-05
3.3e-05
3.7e-05
3.2e-05
0.000412
3.7e-05
