0.001744
0.00018
9.1e-05
9.3e-05
9.3e-05
9.3e-05
9.6e-05
9.7e-05
9.4e-05
0.000144
0.000147
0.00014
0.000117
0.000127
0.000121
0.000124
0.000201
7.6e-05
0.000108
0.00011
0.000115
0.000117
9.7e-05
0.000103
0.000101
0.000108
0.000114
0.000117
0.0001
8.3e-05
0.000107
8.4e-05
9.8e-05
0.000113
7.3e-05
0.000434
0.000114
0.0001
8e-05
8e-05
8.7e-05
0.000117
0.00011
0.000117
0.0001
9.6e-05
9.8e-05
0.000104
9.8e-05
0.00011
9.3e-05
0.000111
9.8e-05
0.0001
0.000107
0.000134
0.0001
0.00012
0.000111
9.3e-05
0.000107
0.00011
0.000124
0.00011
0.000123
0.000154
0.000108
0.000127
0.0001
0.0001
0.000113
0.000108
8e-05
9.4e-05
0.000107
0.000136
0.00012
0.000114
0.000134
0.00011
8.3e-05
0.000153
0.000141
0.00011
8.3e-05
0.000121
0.000107
9.6e-05
0.000123
0.000121
9e-05
0.000134
0.000137
0.000113
0.000104
0.00011
9e-05
0.000151
9.3e-05
8e-05
9.7e-05
0.00011
0.000115
0.000107
0.003996
0.00014
0.000117
9.4e-05
0.000103
0.000106
0.000103
0.000107
8e-05
0.000123
0.000113
0.000107
0.000141
0.00011
0.0001
0.000107
0.00011
0.000106
0.000113
0.00014
0.000104
0.00011
0.000113
0.000137
0.000116
0.000113
0.00014
0.000104
0.000123
0.000133
0.0001
0.000114
0.000133
0.00015
0.000125
0.00012
0.000117
0.000128
0.000134
0.000123
0.000131
0.000113
0.000135
0.000131
0.000138
0.00014
0.000113
0.000141
0.000131
0.00014
0.000101
0.000133
0.000144
0.000126
0.000141
0.000127
0.000128
0.000103
0.000147
0.00012
0.000117
0.00011
0.000133
0.000104
0.00011
9e-05
0.000135
0.000135
0.00012
0.000108
0.000141
0.000203
0.00015
0.000128
0.0001
0.000117
0.000116
8.7e-05
0.00011
0.00011
0.0001
0.0001
0.000121
0.000137
0.000124
0.000128
0.000111
0.000114
9.8e-05
0.000133
0.00012
0.000128
0.000107
0.00012
0.000143
0.000116
0.000141
0.000146
0.000137
0.000131
0.00012
0.000134
8.7e-05
0.000138
0.00013
0.000136
0.000126
0.000133
0.000113
0.000133
0.0001
0.000131
0.000118
0.000116
0.000117
0.000127
0.000137
0.00014
0.000104
0.000107
8.3e-05
0.000126
9.6e-05
8e-05
0.000113
0.0001
0.000107
9e-05
0.0001
8.7e-05
0.000131
0.00011
0.000127
0.000133
0.000105
0.000106
0.000111
9.7e-05
9.3e-05
9e-05
0.0001
0.000117
8e-05
0.000133
0.000111
0.000118
0.000137
0.000108
9e-05
0.00012
0.000131
0.000118
0.00012
0.000155
0.000115
9.8e-05
0.000106
9.7e-05
9.7e-05
7.8e-05
8.7e-05
0.000116
8.1e-05
0.000113
0.000145
9.6e-05
0.000124
0.000117
0.000124
0.00011
0.000114
0.00012
0.000115
8.7e-05
0.000116
0.000113
0.0001
0.00011
8.1e-05
0.000124
9.3e-05
0.000104
0.000123
0.000106
0.00011
0.000143
0.000117
0.000155
9e-05
0.0001
9.7e-05
0.001176
0.000143
0.000113
0.000331
0.000127
0.000124
0.000113
0.000103
0.000103
0.00011
9.7e-05
0.000138
0.000103
9.7e-05
0.000134
0.000107
0.000101
0.00011
0.000118
0.00014
0.000133
0.000123
0.000274
9.7e-05
0.000116
0.000108
9.6e-05
0.00012
0.000117
0.000123
9e-05
0.000113
0.000106
8.3e-05
0.000116
9e-05
0.000143
0.000114
0.00011
0.000124
0.00012
0.000144
0.000323
0.000137
0.000147
0.00013
0.00012
0.000107
0.000123
0.0001
0.000117
0.000117
0.00012
0.000128
0.000134
0.00014
0.000138
0.00013
0.000138
0.000134
0.000113
0.000148
0.00012
0.000123
0.000127
0.000114
0.000153
0.00014
0.000104
0.000106
0.000133
0.000123
0.000111
0.000143
0.000106
0.000104
0.0001
0.00014
0.00011
0.000124
0.000118
0.000107
0.0001
0.0001
0.00011
0.000113
0.000138
0.000113
0.000125
0.00011
0.000131
0.000134
9.5e-05
0.000143
0.00012
0.000141
0.00011
0.0001
0.000125
9.7e-05
0.000111
0.000105
0.000144
8.3e-05
0.00012
0.000101
0.000103
0.00011
9.7e-05
0.000121
9.6e-05
0.00012
0.000127
0.00013
0.00011
0.000123
0.000104
0.000104
0.000127
0.000183
0.000128
0.00012
0.000118
0.000113
9.8e-05
0.000116
0.000121
0.00011
0.000138
0.000128
0.000137
0.000138
0.00015
0.000133
0.000131
0.000101
0.00011
0.000103
0.000114
7.3e-05
0.00011
0.000118
9.1e-05
0.000104
0.000105
0.000116
9e-05
0.000107
9.1e-05
0.000108
9.4e-05
0.000108
9.7e-05
0.000113
0.000113
0.0001
0.000125
9.3e-05
0.000104
0.000126
0.000123
0.000117
8e-05
0.000124
9e-05
0.000116
8e-05
0.0001
0.00013
0.000113
0.000104
0.000103
0.00012
0.000111
0.0001
9.7e-05
0.000113
0.000115
8e-05
9e-05
0.000114
0.000137
0.000113
0.000125
9.7e-05
0.000101
0.000117
8.1e-05
0.000111
0.000257
0.000143
0.000121
0.000104
0.000117
8e-05
0.000136
0.000123
0.000141
9.4e-05
0.0001
8e-05
9.8e-05
6.6e-05
8.1e-05
8e-05
8e-05
