0.003574
0.000351
0.000206
0.000145
0.000201
0.000155
0.000135
0.00013
0.00013
0.000125
0.000135
0.000125
0.000155
0.000176
0.000186
0.000135
0.00014
0.000126
0.000135
0.000135
0.000315
0.000176
0.000155
0.00016
0.000135
0.000141
0.000135
0.000105
0.000135
0.00013
0.000361
0.000146
0.000155
0.00015
0.000115
0.000155
0.000176
0.00015
0.000126
0.00015
0.000136
0.000216
0.00016
0.000171
0.000175
0.000156
0.000141
0.000161
0.000185
0.00016
0.000205
0.00014
0.000105
0.000156
0.00012
0.00013
0.000136
0.000245
0.000155
0.000145
0.00012
0.000156
0.000125
0.000145
0.00016
0.000145
0.00015
0.000135
0.00013
0.000145
0.00016
0.000145
0.000155
0.000215
0.000151
0.000185
0.00015
0.00012
0.00016
0.000201
0.000201
0.000161
0.000181
0.00017
0.00017
0.000135
0.000125
0.00013
0.00017
0.000141
0.000145
0.000171
0.000165
0.000155
0.000151
0.000171
0.000165
0.000185
0.000185
0.000165
0.000171
0.0002
0.00015
0.000156
0.00014
0.00013
0.000155
0.00013
0.00012
0.000145
0.000131
0.00014
0.000151
0.00015
0.000156
0.000216
0.000115
0.000145
0.000166
0.00014
0.000165
0.000156
0.00018
0.000161
0.000135
0.000145
0.000196
0.000171
0.000191
0.000145
0.00018
0.00016
0.000145
0.000581
0.000135
0.00016
0.00017
0.00016
0.000281
0.000161
0.00016
0.00017
0.000131
0.00014
0.000165
0.000145
0.000165
0.000185
0.000155
0.000176
0.000175
0.000125
0.000155
0.000125
0.000196
0.000121
0.000161
0.000171
0.000115
0.000155
0.00014
0.000161
0.00017
0.000191
0.00011
0.000135
0.000121
0.000165
0.000151
0.00015
0.00013
0.000145
0.000141
0.000115
0.000146
0.000155
0.000201
0.000155
0.000211
0.000145
0.00014
0.000186
0.00018
0.000185
0.00015
0.000175
0.000131
0.000186
0.000151
0.000111
0.000155
0.000165
0.00016
0.000181
0.000175
0.000181
0.000126
0.00013
0.000166
0.000136
0.000161
0.000181
0.000165
0.00013
0.00019
0.000165
0.00013
0.000176
0.000125
0.00017
0.00017
0.000175
0.000175
0.000175
0.000181
0.0002
0.00022
0.000155
0.000155
0.00015
0.000186
0.00016
0.000151
0.000165
0.00014
0.000166
0.000161
0.000165
0.000165
0.000161
0.000181
0.000176
0.000156
0.000165
0.000171
0.00017
0.000155
0.000135
0.000125
0.000146
0.000161
0.000196
0.00015
0.000135
0.00012
0.000135
0.000166
0.000161
0.000161
0.000135
0.00015
0.000115
0.000125
0.000151
0.0002
0.000145
0.00017
0.000131
0.000145
0.000141
0.00019
0.000176
0.000161
0.000175
0.000165
0.00018
0.000146
0.00014
0.000166
0.000146
0.000205
0.000181
0.000161
0.000186
0.000145
0.000125
0.000141
0.000135
0.00016
0.00016
0.000165
0.00018
0.00012
0.000186
0.000161
0.00013
0.000131
0.000206
0.000125
0.00016
0.000156
0.00016
0.00013
0.000155
0.000151
0.00015
0.00016
0.00013
0.000135
0.000146
0.000211
0.000135
0.000166
0.00014
0.000145
0.000276
0.000125
0.000141
0.000125
0.00017
0.00013
0.00016
0.00014
0.000115
0.00019
0.000141
0.000165
0.000125
0.00017
0.051902
0.000206
0.000175
0.000161
0.000115
0.00013
0.00013
0.000195
0.000146
0.000156
0.000225
0.00016
0.00013
0.000155
0.000176
0.000126
0.000136
0.000125
0.00015
0.00016
0.00017
0.00014
0.000166
0.000155
0.000141
0.000195
0.000186
0.00016
0.000156
0.000156
0.000155
0.000156
0.000165
0.00014
0.00016
0.000135
0.00017
0.00019
0.000135
0.000201
0.000186
0.000175
0.00018
0.000166
0.00016
0.000206
0.000171
0.000156
0.000131
0.000111
0.000181
0.000206
0.00014
0.000145
0.000441
0.00014
0.000155
0.00018
0.000176
0.000156
0.000156
0.000125
0.000171
0.000155
0.000176
0.000135
0.000135
0.000186
0.00018
0.000166
0.000175
0.000186
0.00018
0.00016
0.000205
0.000135
0.000201
0.00014
0.00022
0.00017
0.000131
0.000146
0.000161
0.00017
0.000171
0.000256
0.00015
0.000161
0.000155
0.000166
0.000145
0.00015
0.000145
0.00012
0.000131
0.000156
0.000145
0.00016
0.000176
0.000185
0.000266
0.000145
0.00015
0.00019
0.000141
0.000185
0.00013
0.000145
0.000191
0.00015
0.00017
0.000241
0.00016
0.000145
0.000145
0.000221
0.000181
0.000171
0.000141
0.00018
0.000151
0.00014
0.000195
0.00014
0.00015
0.00019
0.000145
0.00022
0.000176
0.000126
0.00016
0.00015
0.000196
0.000156
0.000131
0.000171
0.000165
0.00016
0.00018
0.000146
0.00017
0.000156
0.000146
0.000165
0.00013
0.000146
0.000121
0.000146
0.00014
0.000175
0.000156
0.000161
