0.002794
0.000261
0.000154
0.000169
0.000177
0.000148
0.000184
0.000156
0.000144
0.000156
0.000264
0.000152
0.000145
0.000161
0.000144
0.00012
0.000284
0.000164
0.000152
0.00014
0.000125
0.004398
0.000116
0.00012
9.2e-05
0.000103
9.2e-05
9.7e-05
9.6e-05
9.7e-05
0.000105
9.6e-05
0.000103
9.2e-05
0.000105
8.8e-05
0.000101
8.4e-05
9.5e-05
8.8e-05
9.3e-05
8.8e-05
9.5e-05
8.4e-05
8.8e-05
9.1e-05
0.000104
9.2e-05
0.000112
9.2e-05
0.000101
8.9e-05
0.000103
0.000103
8.8e-05
0.000109
8.4e-05
0.000105
0.000105
8.7e-05
0.000108
0.000108
8.8e-05
0.000104
0.0001
8.9e-05
0.000108
0.000112
0.000104
9.5e-05
0.000104
8.8e-05
9.7e-05
9.3e-05
0.000105
9.5e-05
8.9e-05
0.000105
9.9e-05
0.000108
8.9e-05
9.2e-05
0.000108
0.000112
8.9e-05
0.000104
0.000104
0.000109
0.000101
8.8e-05
0.000101
9.3e-05
0.000112
9.2e-05
9.9e-05
0.000101
0.000104
8.4e-05
0.000108
9.6e-05
9.3e-05
0.000101
8.7e-05
0.000101
0.000108
8.5e-05
0.000108
8.9e-05
0.000108
0.000103
9.7e-05
0.000105
9.7e-05
0.000112
0.000108
0.0001
8.8e-05
0.000104
0.000109
0.000103
0.000101
0.000105
9.2e-05
0.000108
9.2e-05
0.000108
0.000104
0.000104
9.7e-05
0.000101
0.0001
9.3e-05
0.000104
0.0001
8.7e-05
0.000101
9.2e-05
0.000108
0.000101
9.3e-05
0.000101
9.7e-05
0.000108
0.000108
0.000101
0.000101
8.4e-05
0.000108
0.0001
0.000108
0.000726
8.8e-05
9.2e-05
0.0001
0.000108
9.1e-05
8.8e-05
8.8e-05
8.8e-05
0.0001
0.000112
8.4e-05
0.000103
0.000112
8.8e-05
0.000101
0.000104
8.8e-05
8.9e-05
8.9e-05
9.5e-05
8.8e-05
9.3e-05
9.1e-05
0.000108
9.3e-05
0.000112
8.8e-05
0.000103
0.000105
0.000105
0.000108
9.7e-05
0.000101
9.1e-05
0.000105
0.000108
0.000101
0.000105
0.000108
8.5e-05
0.000101
0.000109
9.2e-05
0.000112
0.000105
8e-05
0.000103
0.000105
8.4e-05
0.000101
0.000108
8.4e-05
0.000101
0.000104
0.0001
0.00011
8.9e-05
0.000105
8.4e-05
0.000112
8.8e-05
9.3e-05
0.000104
0.000101
9.9e-05
0.000103
8.8e-05
0.000103
0.000104
8.4e-05
8.5e-05
0.000112
8.8e-05
0.000108
9.1e-05
0.000104
0.000101
0.000105
8.8e-05
0.000104
0.000112
8.4e-05
0.000105
0.000104
0.000104
8.4e-05
0.000104
0.000104
9.2e-05
8.9e-05
9.6e-05
8.9e-05
0.000112
0.000107
0.000105
0.000105
0.000104
0.000104
0.000108
0.000107
0.000104
9.7e-05
0.000112
0.000108
0.000103
9.6e-05
9.3e-05
8.9e-05
0.000112
9.6e-05
0.000103
0.000105
0.000105
0.000112
0.000108
0.000108
0.000104
0.000112
0.000101
0.000101
0.000104
9.3e-05
8.9e-05
0.000108
0.000108
0.000104
0.000108
0.000101
0.000104
9.2e-05
0.000112
0.000101
8.9e-05
0.000112
0.000101
8.9e-05
0.000108
0.000104
0.000101
0.000112
0.000103
0.000112
0.000104
0.000112
0.000105
9.2e-05
8.9e-05
8.8e-05
0.000104
0.000101
0.000108
0.000101
0.000112
0.000104
0.000105
0.000108
0.000108
0.000108
0.000101
0.000101
9.2e-05
0.000105
0.000104
0.0001
9.6e-05
8.9e-05
8.8e-05
0.000109
0.000108
0.000108
0.000108
0.000105
0.000108
0.000112
0.000105
0.000104
0.000104
9.1e-05
8.4e-05
9.2e-05
8.4e-05
0.000105
0.000108
9.3e-05
0.000108
8.8e-05
0.000105
0.000112
9.5e-05
0.000108
8.8e-05
0.000108
0.000108
0.000112
8.8e-05
0.000104
8.7e-05
0.000103
0.000101
0.0001
9.6e-05
9.5e-05
0.0001
8.4e-05
0.000108
0.000105
9.2e-05
8.8e-05
0.000108
0.000108
0.000112
0.000101
0.000101
9.1e-05
0.0001
0.0001
0.000108
0.000104
0.000104
0.000109
0.000108
0.000101
0.000101
0.000101
0.000105
9.7e-05
8.9e-05
8.4e-05
0.000112
8.8e-05
0.000105
0.0001
0.0001
8.4e-05
0.000105
0.000103
9.6e-05
0.000101
0.000108
0.000105
0.000108
0.000108
0.000104
0.000105
9.7e-05
0.0001
0.000107
0.000108
0.000101
0.000104
0.000108
0.000103
0.000105
0.000104
0.000101
0.000112
9.6e-05
9.3e-05
8.5e-05
9.3e-05
8.8e-05
8.8e-05
0.000104
0.000104
0.000108
0.000112
0.0001
8.9e-05
0.000104
0.000105
0.000105
0.0001
0.000104
0.000101
0.000101
9.7e-05
0.000108
0.000101
8.8e-05
0.000101
0.000103
0.000104
0.000108
9.9e-05
0.000104
0.000104
0.000103
0.000104
0.000101
0.000101
0.0001
9.9e-05
0.000108
8.9e-05
0.000105
9.3e-05
0.000105
9.5e-05
0.000104
0.000101
0.000101
9.9e-05
0.0001
0.000104
0.000108
9.1e-05
0.000112
9.1e-05
0.000108
9.2e-05
8.9e-05
9.3e-05
0.000103
0.000109
8.8e-05
0.000104
0.000105
8.9e-05
0.000109
8.7e-05
0.000112
0.000105
8.9e-05
0.000104
9.5e-05
0.000104
0.000104
9.3e-05
0.000152
0.000201
0.000137
0.000157
0.000165
0.000141
0.000136
0.000128
0.000125
0.000152
0.000116
0.000173
0.000152
0.000196
0.000169
0.00014
0.000185
0.000128
0.000168
0.000101
0.0001
0.000107
9.7e-05
0.000101
0.000101
0.000101
0.000104
0.000105
0.000104
0.000108
9.7e-05
0.000104
0.0001
0.000104
0.000108
0.000105
0.000104
0.000101
0.000105
0.000112
8.5e-05
0.000104
9.7e-05
0.000103
0.000108
0.000101
