0.000622
0.000213
0.000116
6.9e-05
7.6e-05
0.000144
0.000144
9.7e-05
0.00012
0.000129
0.000143
0.000148
0.000112
0.000133
0.000148
0.000137
0.000149
0.00012
0.000169
0.000121
0.000409
0.000116
0.000141
0.000129
0.001137
0.000169
0.00012
0.000144
0.000128
0.000149
0.00014
0.000116
0.000135
0.000144
0.00012
0.000128
0.000128
0.000132
0.000137
0.00016
0.000113
0.000153
0.000129
0.000622
0.000137
0.000184
0.000152
0.000169
0.000124
0.000145
0.000144
0.000164
0.000145
0.00014
0.000145
0.000129
0.000124
0.00012
0.000124
0.000133
0.000133
0.000148
0.00014
0.000144
0.000133
0.000133
0.000152
0.000124
0.000161
0.000121
0.00016
0.000168
0.000116
0.000117
0.000621
0.000128
0.000121
0.000121
0.00016
0.00012
0.00014
0.000116
0.000124
0.000152
0.000112
0.000116
0.000137
0.000121
0.000112
0.000168
0.000109
0.000129
0.000125
0.000161
0.000161
0.000532
0.00016
0.000157
0.000165
0.00016
0.00016
0.000285
0.000171
0.000168
0.000171
0.000148
0.000152
0.000176
0.000161
0.000157
0.000145
0.000161
0.000168
0.000521
0.000176
0.00018
0.000164
0.000145
0.000149
0.000164
0.000116
0.000141
0.0002
0.000156
0.00014
0.000169
0.000141
0.000146
0.000141
0.000144
0.000157
0.000136
0.00012
0.000112
0.00014
0.000109
0.000124
0.00014
0.000136
0.000148
0.000144
0.00012
0.000145
0.000164
0.000129
0.000148
0.000148
0.000144
0.000152
0.000131
0.000156
0.000143
0.000132
0.000152
0.000121
0.000128
0.000152
0.000117
0.000268
0.000164
0.000172
0.000156
0.000156
0.000144
0.000136
0.000136
0.000121
0.000133
0.000141
0.000132
0.000105
0.000169
0.000112
0.000109
0.000116
0.000129
0.000137
0.000129
0.000144
0.000148
0.000212
0.00012
0.000133
0.000156
0.000109
0.000152
0.000137
0.000124
0.000116
0.000152
0.00014
0.00012
0.000136
0.000129
0.000131
0.000164
0.000164
0.00016
0.000164
0.00016
0.000165
0.000152
0.000112
0.000127
0.000125
0.000156
0.000136
0.000129
0.000144
0.000131
0.000136
0.000148
0.000125
0.000168
0.000125
0.000161
0.000149
0.000137
0.000144
0.000169
0.00016
0.000141
0.000169
0.000165
0.000128
0.00012
0.000133
0.000112
0.00014
0.000188
0.000136
0.000261
0.000148
0.000168
0.000164
0.000133
0.00016
0.000149
0.000148
0.000149
0.00016
0.00016
0.000156
0.000157
0.000144
0.000152
0.000152
0.000165
0.000152
0.000145
0.000148
0.000148
0.000153
0.000144
0.000173
0.000168
0.000156
0.000168
0.000141
0.000172
0.000148
0.000196
0.000156
0.00016
0.000169
0.000157
0.000165
0.00016
0.000148
0.000131
0.000253
0.000128
0.000133
0.000125
0.000156
0.000165
0.000148
0.000144
0.000116
0.000124
0.000157
0.000153
0.000144
0.000141
0.000156
0.000169
0.00014
0.000116
0.000143
0.000116
0.000135
0.000148
0.000137
0.000132
0.000153
0.000124
0.000137
0.000125
0.00014
0.000129
0.000117
0.000124
0.000136
0.000139
0.000157
0.000176
0.000148
0.000168
0.000148
0.000153
0.000128
0.000144
0.000217
0.000132
9.5e-05
9.2e-05
9.3e-05
9.3e-05
9.7e-05
0.000101
9.7e-05
9.7e-05
0.0001
9.2e-05
0.000104
9.9e-05
9.7e-05
9.7e-05
9.3e-05
0.000101
0.000104
0.000104
9.9e-05
8.8e-05
0.000101
9.2e-05
9.7e-05
0.0001
9.7e-05
9.7e-05
0.000108
0.000104
9.7e-05
0.0001
0.000104
0.000104
0.000104
0.0001
0.000101
9.3e-05
8.8e-05
9.6e-05
0.0002
0.000101
0.000101
9.3e-05
0.000101
0.000104
0.000103
0.0001
0.0001
9.5e-05
9.7e-05
0.0001
0.000101
9.9e-05
9.6e-05
9.2e-05
0.000101
9.7e-05
0.000209
9.7e-05
0.000104
9.6e-05
0.000101
0.0001
9.3e-05
0.0001
0.000104
9.3e-05
9.7e-05
0.000103
8.9e-05
0.0001
0.000104
0.000104
0.000101
9.7e-05
9.9e-05
0.000104
0.0001
0.000103
0.000101
9.9e-05
0.000103
9.6e-05
0.000104
9.6e-05
9.2e-05
0.000101
9.3e-05
0.000103
0.000104
0.000103
9.9e-05
8.9e-05
9.3e-05
0.0001
0.000104
9.7e-05
0.0001
8.8e-05
9.3e-05
9.2e-05
0.000188
9.2e-05
9.5e-05
9.6e-05
0.000103
9.7e-05
0.000101
0.000104
9.6e-05
9.9e-05
0.0001
9.9e-05
9.6e-05
9.2e-05
0.000104
9.5e-05
8.8e-05
9.3e-05
0.000104
0.000181
0.000148
0.000165
0.000148
0.000197
0.000116
0.000168
0.000156
0.000184
0.000145
0.000128
0.00016
0.000149
0.000152
0.000148
0.000124
0.000105
0.000101
0.000201
0.000101
9.2e-05
9.2e-05
9.6e-05
0.000183
0.0001
0.000104
9.2e-05
0.000101
0.000104
0.0001
9.7e-05
9.5e-05
0.0001
9.9e-05
0.000104
0.0001
0.000101
9.2e-05
9.3e-05
0.000173
0.000157
0.000156
9.7e-05
0.000104
0.000101
0.0001
