0.000348
0.000228
0.0001
0.000167
0.000292
0.0002
0.000124
9.9e-05
0.000101
0.00014
0.000136
9.3e-05
9.7e-05
0.000216
8.9e-05
9.5e-05
9.2e-05
9.6e-05
0.000101
9.3e-05
9.6e-05
9.5e-05
0.000104
0.000188
9.5e-05
9.6e-05
0.00018
0.000101
0.000101
9.7e-05
9.6e-05
8.8e-05
9.9e-05
0.0001
9.6e-05
0.000101
9.3e-05
9.7e-05
0.000104
0.0001
9.3e-05
0.000104
0.000101
0.0001
0.000104
9.2e-05
9.5e-05
9.5e-05
9.3e-05
9.5e-05
9.6e-05
9.5e-05
9.3e-05
9.3e-05
9.6e-05
0.0001
0.000101
0.000103
9.3e-05
9.7e-05
0.000104
0.000104
0.0001
9.6e-05
9.6e-05
9.5e-05
0.000177
9.6e-05
9.2e-05
0.000112
0.000104
9.7e-05
9.3e-05
9.6e-05
9.2e-05
9.2e-05
9.7e-05
0.000104
9.7e-05
9.3e-05
9.7e-05
0.000101
9.7e-05
9.2e-05
9.1e-05
9.6e-05
0.000101
0.000181
9.3e-05
9.3e-05
9.7e-05
9.6e-05
0.000101
0.000177
9.2e-05
0.000101
9.5e-05
9.3e-05
9.2e-05
0.000101
9.2e-05
9.2e-05
9.7e-05
0.000101
9.3e-05
9.3e-05
0.0001
9.9e-05
9.7e-05
0.0001
9.9e-05
9.5e-05
9.9e-05
9.2e-05
9.6e-05
9.6e-05
9.2e-05
9.3e-05
0.000101
0.0001
9.7e-05
9.6e-05
9.3e-05
0.000184
0.000104
0.000104
9.9e-05
0.000104
9.6e-05
9.5e-05
0.000101
0.0001
0.000104
0.000104
9.9e-05
0.000104
0.000101
0.0001
9.7e-05
9.1e-05
9.3e-05
0.000104
9.3e-05
9.2e-05
0.000101
9.6e-05
9.3e-05
0.0001
0.0001
0.0001
0.000104
0.000104
9.2e-05
0.0001
0.0001
9.3e-05
9.5e-05
0.000101
9.2e-05
9.6e-05
9.6e-05
0.0001
9.6e-05
9.5e-05
0.000101
9.7e-05
0.0001
9.3e-05
9.6e-05
8.8e-05
0.000105
9.7e-05
0.000104
0.0001
9.3e-05
9.3e-05
9.2e-05
9.2e-05
9.9e-05
9.2e-05
0.000173
9.2e-05
9.5e-05
9.6e-05
9.2e-05
0.000104
9.3e-05
0.000103
0.000108
0.000103
9.6e-05
9.3e-05
9.3e-05
9.3e-05
9.3e-05
9.2e-05
9.5e-05
0.000103
0.000183
0.000101
8.8e-05
9.6e-05
0.000104
9.6e-05
0.000101
0.0001
0.000104
0.000104
0.000101
9.3e-05
9.9e-05
9.3e-05
0.000103
9.5e-05
9.3e-05
9.2e-05
8.8e-05
0.000104
9.3e-05
9.9e-05
0.000104
0.000101
9.2e-05
0.000101
0.000104
9.6e-05
9.6e-05
9.2e-05
9.6e-05
0.000104
9.6e-05
0.0001
9.7e-05
9.7e-05
0.0001
0.000104
9.6e-05
0.000104
9.6e-05
9.1e-05
9.6e-05
9.3e-05
9.6e-05
9.3e-05
0.0001
0.000104
9.2e-05
9.6e-05
0.000104
9.6e-05
9.6e-05
9.9e-05
0.000104
9.6e-05
0.000101
0.00018
9.6e-05
9.2e-05
9.2e-05
9.5e-05
0.000101
8.8e-05
9.5e-05
9.6e-05
9.3e-05
0.000104
9.2e-05
0.000104
0.000104
0.000104
0.000103
9.7e-05
9.2e-05
0.000104
9.2e-05
0.000109
9.6e-05
9.5e-05
9.3e-05
9.5e-05
9.6e-05
9.2e-05
0.000103
9.5e-05
9.3e-05
0.000104
9.9e-05
9.5e-05
9.3e-05
9.2e-05
9.7e-05
9.2e-05
0.000101
9.6e-05
9.3e-05
0.0001
9.6e-05
9.2e-05
9.9e-05
9.6e-05
0.000104
9.5e-05
0.00018
9.9e-05
0.000104
0.000101
9.3e-05
0.000101
9.9e-05
0.000104
0.000103
0.000104
0.0001
9.9e-05
9.3e-05
0.000103
9.3e-05
0.000101
0.0001
9.7e-05
0.0001
9.6e-05
0.0001
0.000103
0.000104
9.6e-05
0.0001
9.7e-05
9.6e-05
8.9e-05
0.000101
9.5e-05
9.3e-05
0.000101
0.0001
9.6e-05
9.2e-05
9.5e-05
9.6e-05
0.000104
0.000181
9.6e-05
9.3e-05
9.6e-05
0.000101
9.2e-05
0.000104
0.0001
0.0001
9.3e-05
9.3e-05
0.0001
9.7e-05
9.7e-05
0.000103
0.0001
9.9e-05
9.2e-05
0.0001
9.7e-05
9.2e-05
9.6e-05
9.5e-05
9.3e-05
9.7e-05
0.000104
0.0001
9.2e-05
0.000104
9.5e-05
9.2e-05
9.7e-05
0.000101
0.000101
0.000104
8.8e-05
0.000101
9.2e-05
9.3e-05
9.2e-05
0.000104
0.0001
9.6e-05
9.2e-05
9.9e-05
0.000103
0.0001
9.5e-05
9.6e-05
9.7e-05
0.0001
9.2e-05
9.2e-05
9.6e-05
9.6e-05
9.6e-05
9.9e-05
9.6e-05
9.7e-05
0.000104
9.3e-05
0.0001
9.7e-05
0.000103
0.0001
9.7e-05
9.3e-05
0.0001
9.6e-05
0.00018
0.000101
0.0001
9.7e-05
9.3e-05
9.6e-05
9.6e-05
9.5e-05
0.000104
0.00018
9.9e-05
9.1e-05
0.000109
0.0001
0.0001
9.6e-05
0.000101
9.2e-05
9.5e-05
9.3e-05
9.3e-05
0.000345
0.000116
0.000428
0.000144
0.00016
0.000234
0.000156
0.000124
0.000144
0.000165
0.000132
0.000152
0.000289
0.000132
0.000156
0.000125
0.000145
0.000152
0.000113
0.000176
0.000185
9.5e-05
9.9e-05
0.000104
0.000104
8.8e-05
0.000104
9.6e-05
9.5e-05
9.2e-05
9.7e-05
9.6e-05
0.000101
9.6e-05
9.2e-05
0.000104
0.0001
9.6e-05
9.2e-05
9.3e-05
9.6e-05
9.3e-05
9.6e-05
9.7e-05
0.000104
