0.000224
9.3e-05
8.8e-05
9.4e-05
9.3e-05
0.000104
6.7e-05
0.000188
6.8e-05
6.7e-05
9.3e-05
6.9e-05
6.7e-05
6.3e-05
6.7e-05
6.7e-05
8.7e-05
9.3e-05
8.7e-05
0.000108
0.000137
0.000108
0.000131
0.00011
0.000117
0.000138
0.000128
0.00011
8e-05
0.00011
0.00012
0.000118
9.5e-05
0.000131
8.6e-05
9.7e-05
0.000147
0.000131
9.7e-05
0.000103
9.1e-05
0.000113
9.3e-05
9.3e-05
9e-05
8.3e-05
9.7e-05
9.7e-05
8.4e-05
8.7e-05
0.00011
8.7e-05
0.000103
0.000164
8.3e-05
8.6e-05
0.000127
0.000131
0.000103
0.000204
0.000103
0.000141
0.00015
9.6e-05
0.000121
0.000104
0.00012
0.000114
0.000131
8.7e-05
0.0001
8.7e-05
0.000113
9.4e-05
0.000113
0.000128
0.000103
9e-05
9e-05
0.00011
9.1e-05
9e-05
8.7e-05
0.000148
0.000105
0.00011
0.000103
0.000145
9e-05
0.000108
0.000125
9.3e-05
8.6e-05
9.4e-05
0.000117
0.000115
0.000113
9.3e-05
9e-05
0.000117
0.0001
9e-05
0.000108
9.7e-05
0.000114
0.000134
9.7e-05
9e-05
0.000114
9e-05
0.000101
9.1e-05
8.7e-05
8.1e-05
9e-05
9e-05
0.000158
8.8e-05
8e-05
0.000114
0.000107
0.000107
9.3e-05
0.000107
0.000134
0.000106
0.000106
0.00011
0.000218
9.3e-05
0.000113
0.000107
0.000128
0.00011
0.000116
0.000106
0.000124
0.000116
0.00012
8.3e-05
0.000123
0.000114
0.000134
0.000124
0.000125
0.000116
0.000118
0.000123
0.000163
0.000125
9.3e-05
0.000154
0.000133
0.000124
0.000117
9.3e-05
0.00012
0.000105
0.000127
0.00014
0.000128
0.000134
0.000118
0.000107
0.000124
8.4e-05
0.00011
0.000106
0.0001
0.00013
0.000104
0.000126
0.000113
0.000144
0.00013
9.3e-05
0.000124
0.000121
8e-05
0.000113
0.000133
0.000114
0.000123
0.000127
0.000114
0.000113
0.000116
0.000123
9.3e-05
0.00012
8.3e-05
0.000126
8.4e-05
8.7e-05
0.000105
0.000103
0.000107
9e-05
0.000118
0.000123
8.7e-05
0.00011
0.000117
0.000114
0.000117
0.00012
0.000123
0.000118
0.00012
0.000116
0.000127
0.00011
0.000113
0.000118
0.000106
0.000111
0.000117
0.000137
0.00011
0.000108
0.00011
0.000126
0.000138
0.00011
0.00015
0.000154
9.1e-05
0.000115
0.000123
8.7e-05
9.7e-05
0.000104
9.7e-05
0.00011
9.3e-05
0.000103
0.000117
9e-05
0.000113
8e-05
0.00012
0.000103
0.00011
0.000113
0.000113
0.000127
0.000108
9.3e-05
9.5e-05
0.000113
0.000117
0.00011
9.3e-05
0.00012
0.000106
9e-05
8.7e-05
0.000113
0.000128
0.00011
0.0001
0.00011
0.000121
0.0001
9.6e-05
0.000123
9.1e-05
0.000104
0.0001
0.000105
0.000163
9.8e-05
0.000117
8.7e-05
0.000117
0.000103
8.6e-05
0.00012
8.6e-05
9e-05
0.000108
0.000111
0.000118
9.4e-05
0.000118
0.000104
0.001256
0.000133
0.000124
0.00011
0.000113
0.00011
9.7e-05
0.000124
0.00011
0.000105
0.000124
0.000113
0.0001
9.6e-05
9.7e-05
0.000123
0.000107
0.000124
0.0001
9e-05
0.00012
0.00011
0.000113
9.7e-05
9e-05
0.000103
0.0001
0.000111
0.000113
9.4e-05
0.0001
0.000113
0.000114
0.000114
0.000124
0.00181
0.000127
0.000124
0.000116
0.000115
0.000107
0.000123
0.000128
0.000141
0.000107
0.00011
0.00013
0.00011
0.00011
0.000103
0.000114
0.000197
0.000124
9.5e-05
8.1e-05
0.00011
0.000104
9.8e-05
0.000103
0.000114
0.000135
0.000133
0.000104
0.000107
0.000124
0.000116
0.000117
0.000113
0.000117
0.000117
9e-05
9.8e-05
9.7e-05
9.7e-05
0.000121
8.7e-05
0.00011
0.00028
0.000143
0.000103
9.3e-05
0.000101
0.000121
0.000123
9e-05
0.00011
0.00012
0.000107
0.00012
9.8e-05
8.4e-05
0.000107
9.7e-05
0.000103
0.000103
9.4e-05
9.1e-05
0.0001
9e-05
0.000106
0.000117
9.4e-05
9.3e-05
0.0001
0.000113
0.000103
0.000103
0.000116
0.00011
9.8e-05
0.00012
0.000123
0.00012
0.000103
0.000131
9.8e-05
0.000103
0.000131
0.000108
0.000104
0.000117
0.00012
0.0001
0.000113
9.7e-05
0.000116
0.000103
0.000116
0.000111
0.000104
0.000114
0.00012
0.000121
0.000103
0.000108
9.7e-05
9e-05
9.3e-05
0.000107
8.4e-05
0.0001
0.000123
9.3e-05
9.5e-05
9.7e-05
0.000111
9.7e-05
0.0001
9.3e-05
9.7e-05
0.000101
9.3e-05
8.7e-05
8.4e-05
9e-05
0.000104
8.1e-05
0.0001
0.000107
0.000104
9.3e-05
9.6e-05
0.00011
8.6e-05
8.6e-05
0.000157
9.7e-05
0.0001
0.000113
8.3e-05
9e-05
8.7e-05
9.7e-05
0.00012
8.3e-05
0.000107
9e-05
7.7e-05
9.3e-05
8e-05
0.000101
8.6e-05
9.6e-05
9.7e-05
0.000125
0.0001
0.000113
8.7e-05
8.8e-05
0.0001
9.7e-05
9.8e-05
0.000106
0.00011
0.000106
0.000108
0.00014
9.6e-05
0.000108
0.000108
0.000105
0.000106
0.000116
0.000124
0.000127
0.000187
0.000104
0.000111
8.6e-05
7.6e-05
7.7e-05
7.6e-05
7.7e-05
