0.002811
0.000256
0.000128
0.000148
0.000152
0.00014
0.000165
0.000149
0.000136
0.000137
0.000152
0.000127
0.000125
0.000148
0.000201
0.000148
9.7e-05
9.2e-05
9.3e-05
8.9e-05
9.3e-05
8.9e-05
8.8e-05
9.6e-05
9.1e-05
8.8e-05
9.1e-05
9.2e-05
9.2e-05
9.2e-05
8.4e-05
8.8e-05
8.4e-05
9.5e-05
0.003893
0.000141
9.9e-05
9.5e-05
9.7e-05
9.2e-05
0.000758
0.000293
0.000245
8.8e-05
0.00012
8.9e-05
9.3e-05
8.8e-05
9.5e-05
9.6e-05
9.2e-05
9.1e-05
8.8e-05
9.2e-05
8.9e-05
8.8e-05
9.6e-05
8.9e-05
9.2e-05
8.8e-05
0.000114
9.3e-05
9.2e-05
9.6e-05
9.3e-05
8.8e-05
9.2e-05
9.3e-05
0.000269
0.020636
0.0001
0.0001
0.000135
0.0001
0.000105
0.000105
0.000932
0.000135
0.0001
0.0001
0.000105
0.000105
0.0001
0.000106
0.0001
0.000101
0.0001
0.00011
0.000135
0.00011
0.000105
0.000101
0.000106
0.000111
0.000106
0.000105
0.000105
0.000105
0.000105
9.5e-05
0.0001
0.000106
0.000101
0.000105
0.0001
0.000105
0.000105
0.000101
0.000101
0.000105
0.000105
0.0001
0.00011
0.00011
0.000106
0.00011
0.00011
0.000105
0.000106
0.000106
0.000106
9.5e-05
0.0001
0.0001
0.000105
0.0001
0.000105
0.000105
0.000101
0.000106
0.000105
0.000105
0.0001
0.000106
0.000106
0.000101
0.000106
0.0001
0.000105
0.0001
0.000111
0.0001
0.000105
0.000106
0.000105
0.000106
0.000105
0.000105
0.000105
0.000106
0.000105
0.00011
0.00011
0.000105
9.5e-05
0.000106
0.0001
0.000104
0.000106
0.000106
0.0001
0.000105
0.000105
0.000101
0.000105
0.0001
0.000105
0.000105
0.000105
0.000104
0.000105
0.0001
0.0001
0.0001
0.000105
0.000105
0.000105
0.000105
0.000105
0.0001
0.000105
0.000105
0.000105
0.000105
0.000106
0.000105
0.000255
0.000105
0.000226
0.0001
0.000101
0.000104
0.00011
0.000101
0.000225
0.000104
0.000221
0.000101
0.000101
0.000101
0.000105
0.00022
0.000106
0.000105
0.000105
0.0001
9.6e-05
0.0001
0.000105
0.000105
0.0001
0.000106
0.000106
0.0001
0.0001
0.000105
0.0001
0.0001
9.6e-05
0.000105
0.000106
0.000105
0.000101
0.000111
0.000105
0.000105
0.000105
0.000101
0.000106
0.00011
0.000106
0.000106
0.0001
0.000105
0.000105
0.000105
0.000105
0.000106
0.000101
0.0001
0.0001
0.000105
0.000105
0.00011
0.000106
0.0001
0.0001
0.000105
0.000105
0.0001
0.000101
0.000106
0.000101
0.000106
0.0001
0.000105
0.00011
0.000105
0.000106
0.0001
0.000105
0.000105
0.000105
0.000105
0.00011
0.00011
0.000105
0.0001
0.000106
0.0001
0.000105
0.000105
0.000106
0.000105
0.0001
0.0001
0.000106
0.000105
0.0001
0.0001
0.000105
0.0001
0.000106
0.000106
9.5e-05
0.00011
0.00011
0.000105
0.000106
0.0001
0.000105
0.0001
0.0001
0.000105
0.000105
0.000106
0.000105
0.000105
0.000105
0.000106
0.000105
9.6e-05
0.0001
0.000105
0.000105
0.0001
0.000104
0.00011
0.00011
0.000105
0.000105
9.6e-05
0.000105
0.0001
0.00011
0.000105
0.000105
0.000106
0.000105
0.000105
0.0001
0.000106
0.000101
0.000105
0.000105
0.0001
0.0001
0.000105
0.0001
0.0001
0.00011
0.000105
0.00011
0.000106
0.000105
0.000105
0.0001
0.00011
0.000105
0.000106
0.000105
0.0001
0.000105
0.000101
0.000106
0.000105
0.000105
0.000105
0.000105
0.000105
0.0001
0.000111
0.0001
0.000111
0.000101
0.0001
0.000101
0.000105
0.0001
0.00011
0.000255
0.000105
0.0001
0.000136
0.000101
0.000105
0.0001
0.000105
0.000105
0.000106
0.000106
9.5e-05
0.000105
0.000105
0.00011
9.5e-05
0.000105
0.00011
0.000105
0.000106
0.000105
0.0001
0.000105
0.000101
0.000106
0.000105
0.000105
0.000105
0.000106
0.000105
0.000105
0.0001
0.0001
0.000105
0.000106
0.000105
0.000105
0.0001
0.0001
0.000105
0.000105
0.0001
0.0001
0.000106
0.000106
0.00011
0.000101
0.0001
0.00011
0.000105
0.000106
0.000106
0.0001
0.0001
0.000105
0.000105
0.000105
0.000106
0.000111
0.000106
0.00011
0.000105
0.000105
0.00011
0.00011
0.000104
0.0001
0.000105
0.00011
0.000101
0.00011
0.000106
0.000106
0.000105
0.0001
0.0001
0.00011
0.000106
0.000105
0.000105
0.0001
0.00011
0.0001
0.000105
0.000105
0.000105
0.000101
0.0001
0.000105
0.0001
0.000106
0.000104
0.000101
0.000105
0.00011
0.000105
0.0001
0.000111
0.000105
0.00011
0.0001
0.000106
0.000105
9.5e-05
0.0001
0.000111
0.0001
0.000106
0.000106
0.0001
0.0001
0.0001
0.000106
0.000105
0.000105
0.0001
0.000105
0.000105
0.000106
0.000105
0.000105
0.00011
0.000105
0.000106
0.0001
0.0001
0.000105
0.000285
0.00015
0.000171
0.000136
0.00012
0.000171
0.000145
0.00015
0.00014
0.000152
0.000168
0.000297
0.000172
0.000156
0.000141
0.00016
0.000144
0.000156
0.000135
9.3e-05
9.7e-05
8.8e-05
9.3e-05
8.8e-05
9.2e-05
9.3e-05
9.3e-05
9.3e-05
9.5e-05
9.3e-05
9.5e-05
8.8e-05
8.4e-05
9.1e-05
9.2e-05
9.1e-05
8.8e-05
9.6e-05
9.5e-05
9.3e-05
8.8e-05
8.9e-05
9.2e-05
8.5e-05
9.2e-05
9.2e-05
9.3e-05
8.8e-05
8.8e-05
9.3e-05
9.5e-05
9.6e-05
8.8e-05
9.2e-05
9.6e-05
8.8e-05
8.8e-05
9.1e-05
9.7e-05
8.9e-05
8.9e-05
9.6e-05
9.6e-05
9.2e-05
8.8e-05
9.1e-05
8.8e-05
9.2e-05
9.2e-05
9.6e-05
9.2e-05
9.2e-05
8.8e-05
9.3e-05
9.2e-05
9.2e-05
9.3e-05
8.9e-05
9.6e-05
9.3e-05
9.3e-05
8.8e-05
0.000105
0.000105
0.000105
0.0001
0.0001
0.000105
0.000105
0.000101
0.0001
0.000105
0.000105
0.000104
0.000105
0.000105
0.0001
0.000105
0.000105
0.0001
0.0001
0.0001
0.000104
0.000111
0.000105
0.0001
0.000105
0.000106
0.000104
0.0001
0.0001
0.0001
0.000105
0.0001
0.000105
0.000105
0.0001
0.000105
0.0001
0.000105
0.0001
0.000106
