0.003248
0.000268
0.000172
0.000113
0.000124
0.000125
0.000133
0.000113
0.000124
0.000244
0.000112
0.000112
0.000133
0.000129
0.000128
0.000156
0.000144
0.000156
0.00018
0.00015
0.0001
0.00016
0.000149
0.000112
0.000156
0.000169
0.000184
0.000161
0.000116
0.000248
0.00018
0.000144
0.00014
0.000157
0.000141
0.000136
0.000116
0.000125
0.000152
8.8e-05
9.5e-05
9.5e-05
9.2e-05
8.8e-05
9.3e-05
9.6e-05
9.2e-05
9.7e-05
9.2e-05
0.0001
9.7e-05
0.027735
0.000136
0.0001
9.2e-05
9.6e-05
9.6e-05
9.3e-05
0.000156
8.9e-05
0.0001
8.9e-05
8.9e-05
9.2e-05
9.6e-05
9.3e-05
9.6e-05
8.8e-05
9.1e-05
9.2e-05
8.8e-05
9.2e-05
8.9e-05
8.9e-05
9.3e-05
8.9e-05
8.8e-05
9.2e-05
0.008736
0.000108
9.5e-05
9.2e-05
0.000128
9.3e-05
9.3e-05
9.3e-05
9.2e-05
9.2e-05
9.1e-05
9.2e-05
9.2e-05
9.3e-05
9.2e-05
9.2e-05
9.2e-05
8.8e-05
9.2e-05
9.2e-05
9.2e-05
9.3e-05
9.6e-05
9.6e-05
9.3e-05
9.2e-05
8.9e-05
9.2e-05
9.5e-05
0.0001
9.2e-05
8.4e-05
8.4e-05
8.9e-05
9.2e-05
9.5e-05
9.5e-05
9.6e-05
9.1e-05
9.1e-05
9.2e-05
0.005377
8.9e-05
9.3e-05
8.9e-05
8.9e-05
9.2e-05
8.8e-05
9.3e-05
9.9e-05
9.1e-05
9.2e-05
8.9e-05
9.3e-05
8.4e-05
9.5e-05
0.0001
9.1e-05
0.0001
9.2e-05
8.9e-05
8.9e-05
8.8e-05
9.2e-05
9.3e-05
9.7e-05
8.8e-05
8.8e-05
8.9e-05
9.6e-05
9.3e-05
9.1e-05
9.2e-05
8.9e-05
9.1e-05
9.6e-05
8.9e-05
8.9e-05
9.5e-05
9.3e-05
8.9e-05
9.6e-05
9.2e-05
8.9e-05
9.2e-05
8.9e-05
9.3e-05
8.9e-05
9.3e-05
9.2e-05
9.5e-05
9.2e-05
9.2e-05
9.6e-05
9.1e-05
9.3e-05
0.0001
9.6e-05
9.2e-05
9.6e-05
8.9e-05
9.6e-05
8.4e-05
8.8e-05
9.6e-05
9.2e-05
9.6e-05
9.7e-05
9.3e-05
9.3e-05
9.3e-05
9.1e-05
8.9e-05
8.9e-05
9.3e-05
9.2e-05
9.6e-05
8.9e-05
8.8e-05
8.8e-05
8.8e-05
9.5e-05
9.2e-05
9.6e-05
8.9e-05
8.8e-05
9.1e-05
8.9e-05
8.9e-05
8.9e-05
9.5e-05
9.2e-05
9.2e-05
8.9e-05
9.1e-05
8.5e-05
8.9e-05
8.9e-05
8.9e-05
8.5e-05
9.6e-05
9.6e-05
9.2e-05
8.9e-05
9.5e-05
9.3e-05
8.9e-05
0.0001
8.9e-05
0.0001
9.6e-05
8.9e-05
9.1e-05
9.5e-05
8.9e-05
9.2e-05
9.5e-05
0.0001
8.8e-05
9.6e-05
8.5e-05
9.6e-05
8.8e-05
9.2e-05
9.3e-05
9.3e-05
9.3e-05
9.2e-05
9.5e-05
8.9e-05
9.2e-05
9.2e-05
8.8e-05
9.1e-05
9.2e-05
9.6e-05
9.5e-05
8.8e-05
9.3e-05
9.3e-05
9.3e-05
9.1e-05
9.3e-05
9.1e-05
9.2e-05
9.2e-05
9.6e-05
9.3e-05
0.005147
9.2e-05
9.9e-05
9.3e-05
8.4e-05
8.8e-05
8.9e-05
8.9e-05
9.2e-05
9.2e-05
9.7e-05
9.2e-05
8.8e-05
8.8e-05
9.6e-05
8.8e-05
9.6e-05
9.2e-05
9.9e-05
8.8e-05
9.2e-05
8.8e-05
8.8e-05
9.2e-05
8.8e-05
8.8e-05
9.2e-05
8.9e-05
8.8e-05
8.9e-05
8.9e-05
8.4e-05
9.3e-05
9.1e-05
8.8e-05
8.9e-05
8.9e-05
8.9e-05
8.8e-05
9.5e-05
9.3e-05
9.6e-05
9.1e-05
9.3e-05
8.9e-05
8.9e-05
9.2e-05
9.6e-05
9.1e-05
9.3e-05
0.0001
9.2e-05
8.8e-05
0.0001
9.3e-05
9.2e-05
9.6e-05
8.8e-05
9.6e-05
9.2e-05
9.6e-05
9.3e-05
9.2e-05
8.9e-05
8.9e-05
9.7e-05
9.2e-05
8.9e-05
8.9e-05
9.2e-05
8.8e-05
9.2e-05
8.9e-05
8.8e-05
8.8e-05
8.8e-05
9.2e-05
8.8e-05
9.6e-05
9.1e-05
9.2e-05
8.8e-05
9.2e-05
9.2e-05
9.5e-05
8.9e-05
9.6e-05
8.8e-05
9.2e-05
9.3e-05
9.2e-05
9.6e-05
9.3e-05
0.0001
9.2e-05
9.9e-05
9.6e-05
9.7e-05
9.2e-05
8.9e-05
9.2e-05
9.3e-05
9.6e-05
8.8e-05
9.6e-05
8.8e-05
9.3e-05
9.6e-05
8.8e-05
9.2e-05
9.3e-05
9.7e-05
9.2e-05
8.8e-05
9.3e-05
8.8e-05
8.9e-05
8.8e-05
8.8e-05
8.4e-05
0.0001
8.9e-05
9.1e-05
9.3e-05
9.3e-05
8.8e-05
0.0001
8.8e-05
8.9e-05
9.7e-05
8.9e-05
8.9e-05
9.2e-05
9.5e-05
8.8e-05
9.6e-05
9.3e-05
8.8e-05
9.2e-05
9.6e-05
9.2e-05
8.9e-05
9.3e-05
9.2e-05
8.8e-05
8.9e-05
8.9e-05
9.5e-05
0.004474
9.5e-05
9.5e-05
8.8e-05
9.5e-05
8.8e-05
8.8e-05
9.2e-05
9.3e-05
9.3e-05
9.3e-05
9.6e-05
9.1e-05
9.2e-05
8.8e-05
8.8e-05
0.0001
9.3e-05
9.2e-05
8.5e-05
0.0001
8.8e-05
9.6e-05
9.6e-05
8.9e-05
9.1e-05
9.6e-05
9.2e-05
8.8e-05
8.4e-05
8.8e-05
8.8e-05
8.4e-05
9.1e-05
9.2e-05
8.9e-05
9.2e-05
9.6e-05
9.5e-05
8.9e-05
9.5e-05
8.4e-05
9.1e-05
9.3e-05
9.6e-05
9.3e-05
8.8e-05
9.3e-05
9.6e-05
8.9e-05
9.6e-05
9.6e-05
9.3e-05
9.3e-05
9.6e-05
9.3e-05
9.9e-05
9.2e-05
9.2e-05
9.2e-05
9.6e-05
9.2e-05
9.3e-05
9.5e-05
8.9e-05
8.8e-05
9.3e-05
9.2e-05
9.3e-05
9.7e-05
9.3e-05
9.1e-05
9.1e-05
9.9e-05
9.2e-05
9.5e-05
8.8e-05
9.3e-05
9.2e-05
9.6e-05
9.3e-05
9.1e-05
8.8e-05
9.3e-05
9.3e-05
9.2e-05
9.9e-05
9.2e-05
9.3e-05
9.2e-05
9.7e-05
9.6e-05
9.3e-05
9.6e-05
9.2e-05
9.5e-05
0.000188
0.000137
0.000129
0.000139
0.000128
0.000133
0.00012
0.00012
0.000397
0.000128
0.000132
0.000149
0.000141
0.000128
0.000141
0.000473
0.000129
0.000161
0.000161
0.000169
0.000141
0.000124
0.000133
0.000133
0.000148
0.000128
0.000145
0.000145
0.00014
0.000145
0.000145
0.000135
0.000173
0.00018
0.000169
0.000133
0.000144
0.000116
0.000183
0.000161
0.000145
0.000132
0.000165
0.000133
0.000139
0.000139
0.000121
0.000208
9.2e-05
9.6e-05
8.8e-05
9.3e-05
9.2e-05
8.8e-05
8.8e-05
8.8e-05
9.5e-05
9.3e-05
9.1e-05
9.6e-05
9.3e-05
9.3e-05
8.9e-05
9.5e-05
9.6e-05
9.5e-05
8.9e-05
8.8e-05
8.9e-05
9.6e-05
9.7e-05
8.8e-05
8.8e-05
8.8e-05
8.8e-05
9.3e-05
8.8e-05
9.3e-05
8.8e-05
9.2e-05
9.6e-05
9.3e-05
9.5e-05
