0.002417
0.000313
0.000125
0.000128
0.000173
0.00014
0.000153
0.000529
0.00016
0.000125
0.000131
0.000165
0.000161
0.000129
0.000117
0.000125
0.000135
0.00016
0.000168
0.000165
0.000149
0.00015
0.000156
0.000177
0.000144
0.00014
0.00012
0.000124
0.000139
0.000131
0.000137
0.035031
0.000188
0.009107
0.000212
0.000161
0.012576
0.00018
0.000146
0.000144
0.000148
0.000136
9.3e-05
9.3e-05
9.3e-05
9.3e-05
8.4e-05
0.010377
0.000149
0.000144
0.000101
0.000143
0.000124
0.000129
0.005657
0.000156
0.000143
0.000569
0.000109
0.000161
0.000108
0.000145
0.004975
0.000161
0.00012
0.000144
0.000165
0.000121
0.000116
0.000153
0.000129
0.000228
0.0002
0.000136
0.000133
0.005754
0.000154
0.000112
0.00012
0.00016
0.000152
0.000139
0.000157
0.00014
0.000136
0.000127
0.000173
0.000141
0.000156
0.000129
0.00012
0.000141
0.000152
0.000116
0.000131
0.000137
0.000112
0.000121
0.000261
0.000144
0.000156
0.000148
0.000141
0.000161
0.000148
0.000164
0.000173
0.00012
0.00014
0.00018
0.00014
0.007136
0.00014
0.000171
0.00016
0.000188
0.000137
0.000128
0.000156
0.00016
0.000156
0.000165
0.000144
0.000145
0.000148
0.000153
0.000148
0.000161
0.000161
0.00016
0.006563
0.000109
0.000148
0.000135
0.000168
0.000136
0.000148
0.000144
0.000149
0.000156
0.000272
0.000128
0.000144
0.000124
0.000152
0.000154
0.000125
0.000145
0.00016
0.000156
0.000145
0.000141
0.000144
0.000149
0.00016
0.000157
0.000103
0.000116
0.000113
0.000148
0.000165
0.000148
0.000144
0.000121
0.000112
0.000129
0.000188
0.000137
0.000161
0.000124
0.000127
0.000131
0.000144
0.000156
0.000137
0.000145
0.000121
0.000161
0.00014
0.000133
0.000168
0.000124
0.007524
0.000156
0.000112
0.000236
0.000132
0.00012
0.000132
0.000141
0.000157
0.000144
0.000132
0.000121
0.000136
0.000132
0.000127
0.000129
0.000128
0.000145
0.00012
0.000144
0.000141
0.00012
0.000132
0.000135
0.000129
0.000104
0.000149
0.000139
0.000129
0.000152
0.000145
0.000137
0.000121
0.000152
0.000124
0.000143
0.000169
0.00012
0.000137
0.00016
0.000128
0.000125
0.00014
0.000165
0.000139
0.000135
0.000121
0.00016
0.000109
0.000143
0.00012
0.000137
0.000132
0.000156
0.000168
0.000137
0.000112
0.000145
0.000125
0.008748
0.000149
0.000148
0.000132
0.00016
0.000164
0.000121
0.000172
0.000141
0.000116
0.000157
0.000165
0.000156
0.000128
0.000128
0.000139
0.000133
0.000148
0.000129
0.000148
0.000145
0.000141
0.000148
0.000148
0.000133
0.000169
0.000164
0.000137
0.000132
0.000302
0.000132
0.000116
0.000145
0.000139
0.000156
0.00012
0.000169
0.000145
0.000125
0.000129
0.000148
0.000121
0.000156
0.000136
0.000125
0.000177
0.000132
0.000129
0.000141
0.000152
0.007341
0.000144
0.000108
0.00012
0.000133
0.000152
0.000116
0.000124
0.000131
0.000156
0.000127
0.000141
0.000144
0.000137
0.000148
0.000148
0.000157
0.00016
0.000125
0.000136
0.000156
0.000168
0.000145
0.000188
0.00016
0.000165
0.00019
0.00016
0.000152
0.00014
0.058998
0.000231
0.000126
0.000131
0.000107
0.000164
0.000104
0.00014
0.000115
0.000127
0.000164
0.0001
0.000131
0.000131
0.00012
0.000131
0.000128
0.000117
0.000134
0.000113
0.000144
0.00012
0.000104
0.000124
0.00014
0.000137
0.000116
0.000114
0.000101
0.00017
0.000114
0.000117
0.00011
0.000133
0.000137
0.000157
0.00011
0.000144
0.000117
0.00012
0.000133
0.000117
0.00012
0.000124
0.000146
0.00012
0.00013
0.000108
0.00013
0.000127
0.00013
0.000134
0.00013
0.000114
0.015619
0.000113
0.00012
0.00011
0.00012
0.000134
0.000111
0.000133
0.00013
0.000133
0.000148
0.000104
0.000134
0.000124
0.00014
0.000124
0.000127
0.000116
0.000157
0.000141
0.000121
0.000124
0.00013
0.000116
0.000113
0.000113
0.00011
0.00012
0.000144
0.000116
0.000128
0.000113
0.000135
0.000114
0.00013
0.000128
0.000146
0.00015
0.000135
0.000124
0.000153
0.000121
0.000123
0.000217
0.00016
0.000113
0.00012
0.000114
0.000133
0.00012
0.000144
0.000111
0.000124
0.000161
0.000144
0.00013
0.000117
0.000141
0.000141
0.0001
0.000157
0.000358
0.012211
0.000127
0.000117
0.000131
0.000127
0.00012
0.000117
0.000136
0.000114
0.000117
0.000126
0.00014
0.000133
0.000113
0.000113
0.000127
0.00011
0.000137
0.000111
0.000115
0.000117
0.00012
0.000153
0.000148
0.000127
0.000134
0.000137
0.000148
0.000228
0.000154
0.000106
0.000146
0.000117
0.000133
0.000133
0.00012
0.00014
0.000186
0.00014
0.000171
0.000185
0.00016
0.000185
0.000165
0.000161
0.00015
0.000156
0.00018
0.000161
0.000161
0.000181
0.00015
0.00018
0.000171
0.000151
0.00016
0.00018
0.00017
0.000155
0.00018
0.000175
0.000185
0.000185
0.000165
0.000156
0.000176
0.00018
0.00018
0.000221
0.000151
0.00018
0.00019
0.000186
0.000176
0.000155
0.00017
0.000145
0.00015
0.000141
0.000135
0.00012
0.000151
0.00017
0.000155
0.000321
0.000146
0.00015
0.00017
0.000165
0.00016
0.000186
0.000145
0.000121
0.000166
0.000156
0.00014
0.000136
0.000141
0.000145
0.00015
0.000161
0.000136
0.000165
0.000165
0.000176
0.00015
0.00015
0.00017
0.000191
0.00014
0.000171
0.000145
0.000125
0.00012
0.000125
0.000156
0.000125
0.00015
0.00015
0.000161
0.00013
0.00012
0.000176
0.000171
0.000121
0.000165
0.00012
0.000151
0.00017
0.000195
0.000181
0.000191
0.000171
0.00014
0.00014
0.000176
0.000175
0.000146
0.00029
0.00015
0.00017
0.000141
0.000191
0.000175
0.000171
0.000155
0.000171
0.000166
0.000191
0.017965
0.000155
0.000155
0.000161
0.00013
0.000196
0.000155
0.00013
0.000146
0.00015
0.000155
0.000151
0.000186
0.00019
0.000186
0.000181
0.000185
0.000191
0.000176
0.00014
0.00011
0.00015
0.00013
0.000129
0.000113
0.000141
0.000115
0.000124
0.000124
0.00014
0.000137
0.000124
0.000127
0.000154
0.00012
0.000103
0.000131
