0.00571
0.000775
0.000193
0.000157
0.000104
0.000103
9.7e-05
0.000137
0.00012
0.000141
0.000414
0.000104
0.000101
0.000404
0.000107
0.000116
0.000133
0.000134
0.000109
0.00012
0.00012
0.000565
8.7e-05
0.000117
0.000313
9.7e-05
0.000117
9.4e-05
0.000104
0.000325
0.00012
0.010343
0.00016
9.6e-05
0.000116
9e-05
0.000144
0.0001
0.00012
0.000144
0.0001
9.7e-05
0.000107
0.000433
0.000117
0.000348
0.000114
0.000441
0.000124
0.000114
0.00011
0.000137
0.00011
0.00012
0.000133
0.000111
0.000104
9.1e-05
0.000267
9.3e-05
0.0001
0.000144
9.3e-05
0.000111
0.000191
0.000634
0.000204
0.000114
0.000106
0.00015
0.000104
0.000521
0.000131
0.000116
0.000104
0.00016
0.000116
0.000227
0.000107
0.000117
0.00012
9.1e-05
0.000115
9.6e-05
0.000106
9.1e-05
0.00012
0.000103
0.00011
0.000107
0.000207
0.000147
9.4e-05
0.000101
9.5e-05
0.0002
0.000114
0.000123
0.000224
0.000117
0.000104
0.000113
0.000103
0.000127
0.000151
0.000131
0.002151
9.7e-05
0.000124
0.000137
0.000406
0.00012
0.000137
0.000605
9e-05
0.000645
0.00012
0.000548
8.9e-05
0.000354
0.000354
0.000113
0.000148
0.000107
9.3e-05
0.000107
0.000113
0.000104
0.000146
0.000111
0.000127
0.000149
0.000432
0.000133
0.000121
0.000328
0.000117
0.000117
0.000451
0.000421
0.000117
0.000381
0.000207
0.000585
9.5e-05
0.000141
0.000114
0.000147
0.000127
0.000104
0.000561
0.000248
0.000113
0.000809
0.000124
0.000131
0.00014
0.00043
0.000133
0.000348
0.000774
0.000141
0.000111
0.000124
0.000148
0.000131
0.000143
0.00014
0.000321
0.000121
0.001015
0.000141
0.00012
0.000116
0.000147
0.000106
9.6e-05
0.000531
0.000274
0.00012
0.000156
0.000124
0.000107
0.000117
0.000111
0.000104
0.000106
0.000188
0.000137
9.1e-05
0.000108
0.000337
0.00013
0.000141
0.00012
0.00013
0.000341
0.000149
0.000111
0.000357
0.000127
0.00011
0.000191
0.000444
0.000104
0.000104
0.000114
0.000114
0.000324
0.000144
0.000421
0.000124
0.000123
0.000106
0.000187
0.000136
9e-05
0.000434
0.000358
0.000141
0.000484
0.00012
0.00013
0.000127
0.000129
0.000358
0.000114
0.00012
0.000131
0.000144
0.000149
0.000352
0.000113
0.000347
0.000391
0.000131
0.000111
0.000408
9e-05
0.000177
0.00012
0.000114
9.3e-05
8.7e-05
9.1e-05
0.000104
0.000104
0.000104
0.000124
0.000371
0.00011
0.000558
0.000552
0.00013
0.000124
0.000208
0.000101
9.7e-05
0.0001
0.000501
0.000107
0.000117
0.000136
9.7e-05
9.7e-05
0.0001
0.00011
0.000127
0.000117
0.000104
0.000147
0.000244
0.000164
9.7e-05
0.000114
0.000116
0.000154
0.000328
0.000378
9.3e-05
9e-05
0.000377
0.000137
0.000378
0.000109
0.000106
0.000124
0.00013
0.000111
0.000126
0.000124
0.000123
0.000133
0.000462
0.000385
0.000121
0.000346
9.6e-05
0.000628
0.000133
0.00012
9.7e-05
0.000126
0.000113
9e-05
0.00011
0.000441
0.000332
0.000521
0.000331
0.000128
9.7e-05
0.000126
0.000558
0.00012
0.000129
0.000121
0.000104
0.000115
0.000107
0.000324
9.7e-05
9.3e-05
0.000111
0.000113
0.000113
0.00014
0.000141
0.000127
9.7e-05
0.000133
0.0001
0.000127
0.000124
9.1e-05
0.000117
0.000157
0.000127
0.000127
0.000157
0.00012
0.000161
0.000133
0.000128
0.000101
0.000133
0.00013
0.000121
0.000121
0.000114
0.000124
0.00013
0.000133
0.000137
0.000104
9.1e-05
0.000106
9.3e-05
0.000117
0.000116
0.00014
9.3e-05
0.000134
9.3e-05
9.3e-05
0.000129
0.000113
0.00012
9.1e-05
0.00012
0.00012
0.000113
0.000117
0.000113
0.000104
9.6e-05
0.000116
9.3e-05
0.000131
9.7e-05
0.000109
0.000117
0.000157
0.000137
0.000103
0.000113
0.00016
9.6e-05
0.000116
0.000128
9.6e-05
9.4e-05
0.0001
0.000107
9.4e-05
0.00014
0.00013
0.000121
0.00012
0.000104
9.1e-05
0.000114
0.000137
0.00014
0.000106
0.000127
0.00012
0.00015
0.000141
0.00013
0.000108
0.0001
0.000129
9.1e-05
0.000124
0.000111
0.000117
0.000116
9.7e-05
0.000111
0.0001
9.4e-05
0.0001
0.000104
0.00012
0.000161
0.00014
0.000113
0.000131
0.00012
0.000123
0.000126
0.00012
0.000131
0.000108
0.000116
0.000108
0.000104
0.000136
0.000137
0.000107
0.000117
0.000104
0.000117
0.0001
0.000113
0.000101
0.000104
0.000117
0.000124
0.00011
0.000101
9.7e-05
0.000124
0.00011
0.00013
0.000127
0.000137
0.000124
0.000144
0.000144
0.00012
0.000148
0.000101
0.000149
0.000137
0.000148
0.000104
0.00014
0.000131
0.00014
0.000164
0.0001
0.000217
0.000367
9.6e-05
0.000121
0.000149
0.000131
0.000136
0.000144
0.000148
0.000111
0.000104
0.00011
0.000117
0.000133
0.00014
0.000104
0.000104
0.000126
0.000117
0.00012
0.000117
0.000126
0.000101
0.000104
0.000131
0.000144
0.000117
0.000104
0.000143
0.0001
0.000133
0.000114
0.000133
0.000137
0.00012
0.000137
0.000133
0.000128
0.000144
0.000116
0.00011
0.000124
0.000137
0.000144
0.00012
0.000124
0.000124
0.000128
0.0001
0.000131
0.000141
0.000113
0.000127
0.000117
0.000133
0.000135
0.0001
9.6e-05
0.000101
0.00012
0.000113
0.00014
0.000151
0.000133
0.000137
0.000101
0.00013
0.000101
0.000106
0.001426
0.000167
0.000127
0.0001
0.000121
9.1e-05
0.000137
0.000137
0.000126
0.000137
0.000137
0.000131
0.000127
0.000157
0.000107
0.000117
0.000143
0.000114
0.000114
0.00012
0.00012
0.000107
0.000147
0.00012
0.000133
0.000124
0.000128
0.000126
0.000755
0.000127
0.000137
0.000127
0.000123
0.000109
0.000136
0.000113
0.000114
