0.001115
8.9e-05
4.2e-05
3.7e-05
5.3e-05
3.3e-05
3.6e-05
3.8e-05
3.5e-05
0.000707
0.000105
0.000101
0.0001
0.0001
0.000101
0.000105
0.000105
0.0001
0.000105
0.000105
0.000106
0.000105
0.000106
0.000125
0.0001
0.0001
0.000101
0.000101
0.0001
0.000105
0.000105
0.000101
0.00011
0.000106
0.000101
0.000241
0.0001
0.03303
0.000195
0.000155
0.000185
0.000161
0.000141
0.000125
0.00013
0.00015
0.00015
0.00015
0.00016
0.013461
5.9e-05
4.3e-05
4.7e-05
0.002215
6e-05
5.8e-05
5.7e-05
5.1e-05
5e-05
4.9e-05
5.5e-05
5e-05
4.6e-05
6.2e-05
6e-05
5.3e-05
0.002317
6e-05
5.2e-05
6.8e-05
5.7e-05
5.6e-05
5.3e-05
5.4e-05
5.9e-05
6e-05
5.5e-05
5.5e-05
5.7e-05
4.5e-05
6e-05
6.6e-05
6.2e-05
5.5e-05
5.3e-05
5.5e-05
3.2e-05
3.7e-05
3.2e-05
3.3e-05
3.6e-05
3.4e-05
3.3e-05
3.2e-05
3.3e-05
3.3e-05
3.2e-05
3.2e-05
3.2e-05
3.3e-05
3.1e-05
3.4e-05
3.3e-05
3.1e-05
3.2e-05
3.6e-05
0.004827
6.4e-05
4.9e-05
4.8e-05
5.9e-05
5.3e-05
5.3e-05
5.7e-05
5.6e-05
5.3e-05
5.4e-05
5.3e-05
5.2e-05
5.9e-05
5.4e-05
6e-05
5.4e-05
5.8e-05
5.5e-05
5.9e-05
6e-05
6e-05
5.9e-05
5.6e-05
4.9e-05
6.3e-05
4.8e-05
5.9e-05
4.9e-05
3.2e-05
3.1e-05
3.4e-05
3.4e-05
3.6e-05
3.2e-05
3.5e-05
3.6e-05
0.003148
6.2e-05
5.5e-05
6.1e-05
6e-05
4.2e-05
4.6e-05
5.5e-05
5.2e-05
0.003999
7e-05
5.6e-05
6.7e-05
6e-05
5.9e-05
5.2e-05
5.2e-05
5e-05
6.2e-05
4.5e-05
6e-05
5.3e-05
6e-05
5.4e-05
5.9e-05
5.4e-05
4.2e-05
3.1e-05
3.4e-05
3.4e-05
3.2e-05
3.5e-05
0.004058
5.2e-05
6.3e-05
5.3e-05
7.1e-05
5.5e-05
5.6e-05
5.3e-05
5.5e-05
6.2e-05
5.6e-05
6e-05
5.4e-05
4.3e-05
5.6e-05
6e-05
5.9e-05
6e-05
5.4e-05
5.7e-05
6.1e-05
5.1e-05
0.007567
5.4e-05
5e-05
6e-05
5.5e-05
5.9e-05
5.5e-05
6.1e-05
5e-05
5e-05
4.3e-05
6e-05
5.6e-05
5e-05
6.4e-05
5.5e-05
5.1e-05
5.4e-05
6e-05
5.6e-05
6.8e-05
4.4e-05
5.9e-05
6.2e-05
3.2e-05
3.3e-05
3.1e-05
3.1e-05
3.1e-05
3.4e-05
3.4e-05
3.6e-05
3.4e-05
3.6e-05
3.2e-05
3.2e-05
3.6e-05
3.1e-05
3.7e-05
3.7e-05
3.2e-05
3.6e-05
3.2e-05
3.9e-05
3.2e-05
3.3e-05
6.7e-05
3.7e-05
3.6e-05
3.1e-05
3.4e-05
3.2e-05
3.1e-05
3.1e-05
3.3e-05
3.1e-05
3.1e-05
3.5e-05
3.2e-05
3.4e-05
3.1e-05
3.4e-05
3.2e-05
3.5e-05
3.2e-05
3.4e-05
3.7e-05
3.8e-05
3.2e-05
3.2e-05
3.5e-05
3.2e-05
3.6e-05
3.4e-05
3.1e-05
3.7e-05
0.00337
5.4e-05
5.9e-05
5.8e-05
8.6e-05
5.7e-05
5.8e-05
6.1e-05
5.7e-05
5.1e-05
5.7e-05
5.9e-05
5.7e-05
5.9e-05
5.8e-05
5e-05
5e-05
5.6e-05
5.3e-05
5.1e-05
5.2e-05
5.9e-05
5.2e-05
0.00018
3.3e-05
3.5e-05
3.7e-05
3.6e-05
3.7e-05
3.6e-05
3.3e-05
3.3e-05
3.2e-05
3.6e-05
3.3e-05
3.3e-05
3.3e-05
3.2e-05
3.2e-05
3.3e-05
3.2e-05
3.7e-05
3.2e-05
3.7e-05
3.4e-05
3.6e-05
3.6e-05
3.5e-05
3.6e-05
3.3e-05
3.2e-05
3.7e-05
3.3e-05
4e-05
3.5e-05
3.4e-05
3.5e-05
3.3e-05
3.2e-05
3.3e-05
3.7e-05
3.3e-05
3.9e-05
3.3e-05
3.2e-05
3.7e-05
3.4e-05
3.6e-05
3.3e-05
3.7e-05
6.5e-05
0.00339
5.7e-05
6e-05
5.8e-05
5.2e-05
5.7e-05
5.8e-05
4.9e-05
5.3e-05
5.7e-05
5.9e-05
6.1e-05
5.5e-05
4.3e-05
6.1e-05
6.1e-05
4.4e-05
5e-05
5.1e-05
6.5e-05
6e-05
5e-05
5.1e-05
3.6e-05
3.4e-05
3.4e-05
3.4e-05
3.7e-05
3.7e-05
3.3e-05
3.7e-05
3.3e-05
3.3e-05
3.2e-05
3.2e-05
3.5e-05
3.4e-05
3.6e-05
3.1e-05
3.6e-05
3.1e-05
3.1e-05
7e-05
0.003092
5.2e-05
5.9e-05
5.8e-05
6.3e-05
5e-05
6.2e-05
5.6e-05
5.5e-05
4.8e-05
5.3e-05
5.1e-05
4.8e-05
6e-05
0.000109
4.9e-05
5.7e-05
5.1e-05
5.9e-05
5.6e-05
5.7e-05
3.2e-05
3.9e-05
3.6e-05
3.3e-05
3.2e-05
3.3e-05
3.7e-05
3.6e-05
3.6e-05
3.3e-05
3.7e-05
3.7e-05
3.5e-05
3.6e-05
3.2e-05
3.3e-05
3.4e-05
3.4e-05
3.6e-05
3.6e-05
3.7e-05
3.3e-05
3.7e-05
3.2e-05
3.3e-05
4.1e-05
0.003459
6.1e-05
5.3e-05
4.5e-05
5.9e-05
6.1e-05
6e-05
5.5e-05
5.9e-05
5.2e-05
5e-05
5.5e-05
4.8e-05
6e-05
5.1e-05
5e-05
5.1e-05
5.6e-05
5.9e-05
6.5e-05
6e-05
5.1e-05
4.6e-05
5.8e-05
6e-05
5.9e-05
5.7e-05
7.9e-05
3.3e-05
3.2e-05
3.2e-05
3.1e-05
3.7e-05
3.1e-05
3.5e-05
3.6e-05
3.5e-05
3.4e-05
3.4e-05
3.3e-05
3.1e-05
3.1e-05
3.1e-05
3.1e-05
3.6e-05
3.2e-05
3.5e-05
3.1e-05
3.6e-05
3.2e-05
3.7e-05
3.7e-05
3.3e-05
3.3e-05
3.4e-05
3.3e-05
3.7e-05
3.4e-05
3.4e-05
3.2e-05
3.6e-05
3.2e-05
3.3e-05
3.5e-05
3.6e-05
3.5e-05
3.1e-05
3.1e-05
3.6e-05
3.6e-05
3.4e-05
3.5e-05
3.4e-05
3.5e-05
3.4e-05
3.6e-05
3.1e-05
3.4e-05
3.2e-05
3.3e-05
3.2e-05
3.7e-05
3.5e-05
4e-05
3.4e-05
5.7e-05
5.8e-05
5.4e-05
4.2e-05
5e-05
5.4e-05
5e-05
6e-05
5.6e-05
5.6e-05
4.9e-05
5e-05
5e-05
5.6e-05
6.2e-05
4.1e-05
5.2e-05
6.5e-05
4.8e-05
5.9e-05
5.6e-05
4.8e-05
4.5e-05
5.6e-05
5e-05
5.9e-05
5.9e-05
6.2e-05
0.0001
5.1e-05
5.3e-05
5.9e-05
3.5e-05
3.2e-05
3.6e-05
3.5e-05
3.6e-05
3.5e-05
3.6e-05
3.2e-05
3.8e-05
3.5e-05
3.6e-05
3.1e-05
3.4e-05
3.7e-05
3.4e-05
3.2e-05
3.2e-05
3.6e-05
3.2e-05
3.5e-05
3.5e-05
3.3e-05
3.2e-05
3.1e-05
3.3e-05
3.3e-05
3.3e-05
3.3e-05
3.3e-05
3.3e-05
3.5e-05
3.5e-05
3.3e-05
3.3e-05
3.6e-05
3.3e-05
3.7e-05
3.7e-05
3.3e-05
3.4e-05
3.2e-05
3.3e-05
3.3e-05
3.3e-05
3.1e-05
3.7e-05
3.5e-05
3.5e-05
