0.000818
0.0002
0.000268
0.000164
0.000185
0.00016
0.000177
0.00016
0.00014
0.000136
0.000152
0.000132
0.00014
0.000157
0.000113
0.000116
0.0001
0.000176
9.2e-05
9.9e-05
9.7e-05
0.001098
9.9e-05
9.5e-05
0.000139
0.000104
9.6e-05
0.000308
0.00026
0.0001
9.7e-05
9.5e-05
0.000104
0.0001
0.0001
9.6e-05
9.9e-05
9.3e-05
9.6e-05
0.000217
0.000105
0.000105
0.000375
0.000155
0.000106
0.000225
0.00016
0.000156
0.000105
0.00011
0.000111
0.000111
0.00011
0.000111
0.00011
0.00011
0.000111
0.000106
0.00011
0.000115
0.000185
0.000111
0.000106
0.000115
0.000116
0.000115
0.00011
0.000105
0.000115
0.000115
0.00011
0.000115
0.000115
0.000105
0.000106
0.000111
0.000116
0.000115
0.000105
0.00011
0.000106
0.000185
0.000106
0.000115
0.000105
0.00011
0.000111
0.00011
0.0001
0.000111
0.000115
0.00018
0.000181
0.000105
0.000175
0.000105
0.000115
0.000115
0.000105
0.00011
0.000111
0.000116
0.000111
0.000105
0.000114
0.000106
0.00011
0.000181
0.000106
0.000106
0.000115
0.000105
0.000115
0.00011
0.000105
0.00011
0.000105
0.000115
0.000111
0.000176
0.000105
0.000175
0.000105
0.00018
0.000175
0.002406
0.000105
0.000106
0.00011
0.00011
0.000366
0.000105
0.00011
0.000321
0.000115
0.000105
0.000321
0.00011
0.000161
0.000175
0.000105
0.000106
0.000111
0.00011
0.000105
0.000181
0.00011
0.000176
0.000111
0.000176
0.000106
0.000106
0.00011
0.000105
0.000105
0.000115
0.000105
0.000175
0.000115
0.00011
0.000114
0.000106
0.000105
0.00011
0.000111
0.000111
0.000106
0.000105
0.000105
0.000105
0.000115
0.000115
0.000116
0.00017
0.000105
0.000105
0.000115
0.000105
0.000111
0.00011
0.000106
0.000105
0.00011
0.000105
0.000105
0.000115
0.000105
0.000176
0.000115
0.000115
0.000105
0.000115
0.000105
0.00011
0.000115
0.000104
0.000105
0.00011
0.00011
0.00011
0.000115
0.00011
0.00011
0.00011
0.000105
0.000181
0.000106
0.00011
0.000105
0.000115
0.000115
0.000105
0.00011
0.00011
0.00011
0.000116
0.000111
0.000105
0.00011
0.000105
0.000116
0.000111
0.000106
0.00011
0.00011
0.000106
0.000106
0.000105
0.000175
0.000105
0.000105
0.000111
0.000181
0.000111
0.00011
0.000105
0.000105
0.00011
0.000105
0.000115
0.000116
0.000115
0.00011
0.000105
0.000105
0.000115
0.00011
0.000115
0.00018
0.000116
0.000106
0.000116
0.00011
0.00011
0.000176
0.000106
0.000116
0.00011
0.000115
0.00011
0.00011
0.000115
0.000105
0.000181
0.000105
0.000105
0.000116
0.000115
0.00011
0.000105
0.00011
0.000105
0.00011
0.000105
0.00011
0.000105
0.000116
0.000111
0.000105
0.000115
0.000105
0.000105
0.000105
0.000116
0.000115
0.000105
0.000115
0.000106
0.000115
0.000105
0.000111
0.000105
0.000115
0.000111
0.00011
0.000105
0.000115
0.00018
0.000105
0.000175
0.0002
0.00013
0.000145
0.00015
0.000221
0.000151
0.000165
0.00014
0.000146
0.000145
0.000155
0.000166
0.000129
0.000144
0.000124
0.000128
0.000152
0.000171
0.000164
0.000125
0.000112
0.000144
0.000116
0.000104
9.2e-05
0.0001
9.3e-05
9.2e-05
9.7e-05
9.6e-05
9.6e-05
9.3e-05
9.6e-05
9.7e-05
9.7e-05
9.3e-05
0.000164
9.3e-05
0.0001
9.7e-05
8.8e-05
0.000104
0.000156
8.8e-05
9.7e-05
9.2e-05
9.9e-05
9.2e-05
0.000101
0.000101
0.000168
0.000108
0.000105
0.000108
0.000101
0.000104
0.000108
0.000108
0.000164
0.000104
0.000108
0.000101
0.000161
0.000108
0.000104
9.3e-05
0.0001
0.000101
9.9e-05
9.7e-05
0.000103
9.6e-05
9.7e-05
0.000115
0.000115
0.000111
0.000104
0.000105
0.000105
0.000175
0.000115
0.00011
0.000105
0.00011
0.000185
0.000105
0.00011
0.00011
0.00011
0.00011
0.00011
