0.000762
0.00021
0.000224
0.000173
0.000467
0.000137
0.000273
0.000111
0.00012
0.000149
0.000113
0.000113
0.000106
0.000113
0.000127
0.000113
0.000194
0.000104
0.0001
0.000378
0.00012
0.000109
0.000682
0.000141
0.000144
0.000488
0.000197
0.000469
0.000109
0.000104
0.000137
0.000123
0.000104
0.000109
0.000418
0.00014
0.000793
0.00013
0.000141
0.000136
0.000134
0.000147
0.000268
0.000474
0.000365
0.000116
0.000133
0.00015
0.000855
0.000401
0.000148
0.000846
0.000104
0.000121
0.000324
0.00011
0.000108
0.00012
0.000578
0.000148
0.000121
0.000144
0.000134
0.000164
0.000121
0.000191
0.000144
0.00018
0.000481
0.00021
0.000113
0.00016
0.000128
0.000103
0.000146
0.00015
0.00012
0.000124
0.000144
0.000144
0.000148
0.000124
0.000211
0.000104
0.000113
0.00012
0.0001
0.000325
0.000715
0.000728
0.000113
0.00013
0.00015
0.000129
0.000136
0.000578
0.000855
0.00023
0.000631
0.000107
0.000504
0.00035
0.000347
0.000117
0.000124
0.000174
0.000408
0.000401
0.000154
0.000846
0.000137
0.000164
0.000157
0.000869
0.000126
0.00014
0.00014
0.000151
0.000137
0.000244
0.000357
0.000354
0.000438
0.000261
0.000111
0.00015
0.000104
0.000111
0.000335
0.000324
0.000164
0.0001
0.000164
0.000135
0.00014
0.000197
0.000348
0.000153
0.00014
0.000197
0.000732
0.000143
0.00016
0.000111
0.000153
0.000144
0.000642
0.000151
0.000137
0.000227
0.0002
0.000147
0.000121
0.000253
0.000253
0.000117
0.000181
0.000224
0.000127
0.000568
0.000111
0.00012
0.000108
0.00013
0.000126
0.00011
0.000131
0.00016
0.000448
0.000151
0.000143
0.00035
0.000131
0.000765
0.000381
0.000311
0.00017
0.000116
0.000621
0.000445
0.000227
0.000133
0.000197
0.000107
0.00012
0.000632
0.000928
0.000133
0.000247
0.00017
0.000157
0.000358
9.7e-05
0.00012
0.000113
0.0001
0.00012
0.00013
0.000691
0.000528
0.000301
0.001006
0.000237
0.00022
0.000143
0.000735
0.000173
0.000866
0.000124
0.000126
0.000113
0.000638
0.000127
0.00012
0.000144
0.000421
0.000324
0.00038
0.00011
0.000113
0.000327
0.000157
0.00011
0.00016
0.000113
0.00012
0.000321
0.000104
0.00023
0.000123
0.00011
0.00014
0.000136
0.000143
0.000111
0.000104
0.000564
0.0001
0.000111
0.000143
0.000171
0.000137
0.000111
0.000149
0.00011
0.000128
0.000144
0.00012
0.00012
0.000111
0.000104
0.000109
0.000108
0.0001
0.000111
0.00014
0.000117
0.000104
0.00012
0.000113
0.000117
0.000107
0.000128
0.000127
0.000144
0.000134
0.000128
0.000147
0.00015
0.000107
0.000137
0.00013
0.000117
0.000134
0.000121
0.000113
0.000131
0.000134
0.000109
0.000127
0.000134
0.000107
0.000114
0.000117
0.000136
0.000111
0.000115
0.000134
0.000137
0.000141
0.00014
0.000117
0.000136
0.000137
0.000131
0.000134
0.000104
0.000124
0.00011
0.000153
0.000123
0.00012
0.000124
0.000127
0.000121
0.000134
0.000101
0.000137
0.000104
0.000137
0.000143
0.000114
0.000136
0.00014
0.000151
0.000123
0.000117
0.000121
0.000345
0.000135
0.000127
0.000114
0.000137
0.000121
0.00012
0.0001
0.000123
0.00015
0.000101
0.000144
0.000121
0.00013
0.000134
0.00015
0.000117
0.00014
0.000149
0.00013
0.000107
0.000117
0.000348
0.000109
0.000137
0.00012
0.000116
0.000157
0.000133
0.000144
0.00014
0.000127
0.000154
0.000141
0.00011
0.000124
0.00012
0.00017
0.000129
0.000131
0.00012
0.000181
0.000124
0.00012
0.000144
0.00012
0.000128
0.000124
0.000164
0.00012
0.000137
0.000167
0.000149
0.00012
0.000168
0.00011
0.000147
0.000113
0.000131
0.000161
0.00013
0.000153
0.000161
0.000127
0.000114
0.000166
0.000201
0.000124
0.000157
0.000137
0.000151
0.000116
0.000148
0.000141
0.000177
0.000133
0.000127
0.0001
0.000137
0.00016
0.000144
0.000144
0.00012
0.000114
0.000144
0.00014
0.000127
0.000127
0.00013
0.000167
0.000117
0.000153
0.000157
0.000144
0.000137
0.000151
0.000124
0.00014
0.00014
0.00014
0.000137
0.000134
0.000115
