9.8e-05
3.4e-05
3.8e-05
3.9e-05
3.7e-05
3.9e-05
3.4e-05
0.000275
0.000246
0.0001
0.00011
0.000105
0.000105
0.000226
0.000106
0.000105
0.00011
0.00011
0.000116
0.00023
0.00012
0.000105
0.000185
0.000165
0.000165
0.000161
0.002607
6.7e-05
6e-05
6.2e-05
8e-05
6.7e-05
4.2e-05
0.003507
5.9e-05
4.7e-05
4.7e-05
6.5e-05
5.3e-05
5.3e-05
5e-05
6.4e-05
5.5e-05
7e-05
5.9e-05
5.9e-05
4.9e-05
5.9e-05
6e-05
4.4e-05
4.8e-05
7.5e-05
4.9e-05
3.8e-05
3.7e-05
7.3e-05
4e-05
3.5e-05
3.5e-05
7.1e-05
3.8e-05
3.7e-05
3.6e-05
3.7e-05
3.4e-05
7.6e-05
3.3e-05
7.7e-05
3.4e-05
3.3e-05
4e-05
3.6e-05
3.9e-05
0.003333
7.6e-05
6e-05
5e-05
6.4e-05
6.9e-05
5.2e-05
5.6e-05
5.7e-05
8.1e-05
5.9e-05
7e-05
6.3e-05
4.6e-05
8.3e-05
0.000224
3.6e-05
3.3e-05
7.4e-05
3.5e-05
7.4e-05
3.8e-05
5.8e-05
7e-05
5.7e-05
0.003661
6.7e-05
5.8e-05
4.6e-05
5.6e-05
5.7e-05
5.3e-05
5.8e-05
6e-05
6.5e-05
5.5e-05
4.9e-05
6.4e-05
5.9e-05
6e-05
5.1e-05
7.6e-05
0.003576
7e-05
5.8e-05
6.8e-05
5.6e-05
6.7e-05
5.9e-05
6.4e-05
4.5e-05
4.9e-05
6.4e-05
5.2e-05
6.1e-05
6e-05
6.1e-05
0.003273
6.9e-05
5.6e-05
4.2e-05
5.1e-05
6.1e-05
6e-05
5.5e-05
6.3e-05
5.7e-05
6.4e-05
6e-05
6.2e-05
4.2e-05
3.3e-05
7.8e-05
3.8e-05
7.7e-05
3.8e-05
7.5e-05
3.8e-05
7.4e-05
4e-05
3.7e-05
3.8e-05
3.7e-05
7.6e-05
3.8e-05
3.9e-05
3.8e-05
3.9e-05
4e-05
3.5e-05
3.4e-05
3.3e-05
3.4e-05
3.8e-05
3.6e-05
3.4e-05
7.7e-05
3.6e-05
3.9e-05
3.7e-05
3.4e-05
8e-05
5e-05
7.4e-05
5.6e-05
6.6e-05
5e-05
5.5e-05
5.7e-05
5.3e-05
5.6e-05
5.6e-05
5.5e-05
6.5e-05
6.6e-05
5.6e-05
3.9e-05
3.8e-05
3.7e-05
3.5e-05
7.9e-05
3.5e-05
3.4e-05
3.6e-05
3.8e-05
3.7e-05
3.8e-05
3.4e-05
3.7e-05
3.6e-05
3.4e-05
3.4e-05
4e-05
7.7e-05
3.8e-05
3.5e-05
3.7e-05
3.8e-05
3.7e-05
3.7e-05
7.6e-05
3.5e-05
3.5e-05
3.4e-05
7.3e-05
7.6e-05
3.7e-05
3.8e-05
3.7e-05
3.6e-05
3.8e-05
3.6e-05
3.2e-05
3.4e-05
3.8e-05
3.6e-05
3.5e-05
7.5e-05
0.004279
7.2e-05
7e-05
5.3e-05
5.5e-05
6.2e-05
5.6e-05
5.2e-05
6.6e-05
5.4e-05
5e-05
6e-05
5.5e-05
6.8e-05
4.6e-05
3.6e-05
3.4e-05
7.6e-05
3.4e-05
3.8e-05
3.4e-05
7.3e-05
4e-05
3.7e-05
3.8e-05
3.6e-05
3.8e-05
3.3e-05
7.9e-05
0.003136
0.000118
6.6e-05
5.8e-05
5.9e-05
6e-05
6.6e-05
5.9e-05
6.7e-05
5.4e-05
6e-05
6e-05
5.8e-05
7.1e-05
5.7e-05
6.3e-05
5.2e-05
5.2e-05
3.4e-05
3.8e-05
3.8e-05
3.7e-05
3.4e-05
7.8e-05
7.2e-05
3.7e-05
3.7e-05
3.7e-05
3.9e-05
3.4e-05
7.4e-05
7.2e-05
3.5e-05
0.003121
6e-05
6.5e-05
6.3e-05
0.0001
6.6e-05
6.6e-05
6.6e-05
6e-05
6.6e-05
5.3e-05
3.8e-05
3.7e-05
3.7e-05
3.7e-05
3.7e-05
3.5e-05
3.7e-05
3.7e-05
3.4e-05
3.3e-05
3.7e-05
3.8e-05
3.8e-05
3.5e-05
3.5e-05
3.5e-05
3.5e-05
3.4e-05
3.4e-05
3.8e-05
3.8e-05
3.3e-05
3.5e-05
3.7e-05
3.5e-05
3.8e-05
3.8e-05
3.3e-05
3.9e-05
3.8e-05
3.7e-05
3.6e-05
3.9e-05
3.8e-05
3.7e-05
7.7e-05
5.1e-05
4.4e-05
5.4e-05
5.7e-05
4.8e-05
4.7e-05
4.8e-05
4.7e-05
4.1e-05
4.2e-05
4.5e-05
5e-05
4.9e-05
5.3e-05
6e-05
0.0001
5.8e-05
5.6e-05
6e-05
5.8e-05
5e-05
6e-05
4.2e-05
6e-05
4.7e-05
6e-05
5.8e-05
6e-05
6.2e-05
6.2e-05
7.7e-05
6e-05
6e-05
7.1e-05
5.8e-05
3.7e-05
4e-05
3.8e-05
3.8e-05
3.5e-05
3.7e-05
3.4e-05
3.5e-05
3.8e-05
3.6e-05
3.3e-05
3.9e-05
3.8e-05
3.6e-05
3.8e-05
7.6e-05
3.8e-05
3.9e-05
3.8e-05
3.8e-05
3.7e-05
3.8e-05
3.8e-05
3.5e-05
3.8e-05
3.8e-05
