0.000698
0.000261
0.000141
0.000152
0.000132
0.000152
0.000152
0.000164
0.000167
0.000156
0.000152
0.000157
0.000145
0.000193
0.000173
0.000152
0.000185
0.000221
0.024163
0.000209
0.000201
0.000124
0.000133
0.00026
0.000104
0.000112
0.000105
0.00012
0.000152
0.000196
0.000156
0.000173
0.000172
0.000128
0.000164
0.000137
0.000173
0.000161
0.000213
0.00016
0.000124
0.000141
0.000153
0.000154
0.000153
0.000144
0.000157
0.000152
0.000157
0.000124
0.000132
0.000149
0.000133
0.000128
0.000116
0.000156
0.000125
0.00016
0.000144
0.000297
0.00014
0.000137
0.000196
0.00016
0.000165
0.000169
0.0002
0.000157
0.00016
0.000176
0.000121
0.000152
0.000156
0.000165
0.000161
0.000173
0.000232
0.000152
0.000135
0.000141
0.000133
0.000133
0.000157
0.000165
0.00026
0.000141
0.000145
0.00012
0.000173
0.000161
0.000165
0.00012
0.000169
0.000133
0.000144
0.000276
0.000148
0.000136
0.000149
0.000137
0.000173
0.000144
0.000144
0.000129
0.000156
0.000193
0.000145
0.000152
0.00016
0.000276
0.000145
0.000157
0.000148
0.000144
0.000133
0.000133
0.000168
0.000131
0.000156
0.000141
0.000169
0.000141
0.000161
0.000325
0.000175
0.000137
0.00016
0.000165
0.000137
0.000168
0.000143
0.000148
0.000173
0.000128
0.00016
0.000172
0.000177
0.000196
0.000152
0.000164
0.000129
0.000177
0.000148
0.000148
0.00018
0.000168
0.000185
0.000176
0.000141
0.00016
0.00016
0.00014
0.000133
0.000144
0.000133
0.000284
0.000168
0.000148
0.000164
0.000169
0.000192
0.000148
0.000156
0.000152
0.000133
0.000133
0.000148
0.000164
0.000156
0.000152
0.000141
0.000133
0.000156
0.000273
0.000116
0.000152
0.000125
0.000143
0.000164
0.000164
0.000164
0.000139
0.000176
0.000184
0.000177
0.000164
0.000148
0.000124
0.000129
0.000217
0.000126
0.000141
0.000116
0.000147
0.000113
0.000154
0.00016
0.000113
0.000127
0.000128
0.000127
0.000131
0.000133
0.0002
0.000235
0.00014
0.000109
0.000127
0.000144
0.00012
0.000148
0.000154
0.000131
0.000144
0.000137
0.000201
0.000141
0.000147
0.000117
0.000141
0.00013
0.00014
0.00012
0.000173
0.000137
0.00014
0.000197
0.000131
0.000153
0.000149
0.000147
0.000124
0.000137
0.00013
0.00016
0.000137
0.000141
0.000113
0.00014
0.000147
0.000164
0.000133
0.000121
0.000153
0.000146
0.000137
0.00014
0.00015
0.000133
0.000113
0.000121
0.000191
0.000143
0.00011
0.000111
0.00011
0.000133
0.000176
0.000107
0.000153
0.000124
0.000135
0.000141
0.000137
0.000126
0.000133
0.00015
0.000104
0.000146
0.000141
0.000137
0.000133
0.000124
0.000121
0.00014
0.00012
0.00014
0.000151
0.000161
0.000148
0.00015
0.000133
0.000377
0.000157
0.00016
0.00016
0.00014
0.000226
0.00015
0.00017
0.00018
0.000146
0.000196
0.000185
0.0002
0.00018
0.00017
0.00019
0.000191
0.00018
0.0002
0.000201
0.000186
0.000146
0.000175
0.000191
0.00017
0.00016
0.000155
0.000191
0.00021
0.00018
0.000171
0.000186
0.000145
0.00017
0.00015
0.000176
0.000195
0.0002
0.000156
0.000191
0.000136
0.000145
0.000166
0.00017
0.00018
0.000145
0.000166
0.000156
0.00014
0.000205
0.000155
0.000135
0.000161
0.000176
0.00016
0.00016
0.000135
0.000145
0.000156
0.00016
0.000206
0.000135
0.000211
0.000136
0.000151
0.000185
0.000225
0.000165
0.000171
0.000165
0.000145
0.000201
0.00018
0.000205
0.000165
0.000191
0.000155
0.000181
0.000185
0.000201
0.00019
0.000195
0.000155
0.00014
0.00012
0.00012
0.000137
0.000137
0.000126
0.000126
0.000127
0.00016
0.000129
0.000124
0.000176
