0.001256
0.000186
7.4e-05
6.8e-05
0.000108
7.8e-05
7.5e-05
8e-05
9.6e-05
7e-05
7e-05
8.1e-05
7.3e-05
6.1e-05
7.5e-05
0.000103
7.8e-05
6.2e-05
6.5e-05
6.5e-05
7.7e-05
9e-05
0.018031
0.000113
9.8e-05
8e-05
8e-05
7.8e-05
7.7e-05
5.8e-05
6.7e-05
7e-05
5.8e-05
7.8e-05
7.7e-05
6.5e-05
6.8e-05
8.6e-05
7.6e-05
8.5e-05
9.2e-05
7.8e-05
7.1e-05
8e-05
9e-05
8.7e-05
0.000117
0.000102
7.5e-05
8e-05
7.5e-05
7.7e-05
7.6e-05
6e-05
8.6e-05
0.000116
8.5e-05
9.5e-05
0.004064
8.8e-05
8e-05
8.8e-05
8.2e-05
0.000101
8.5e-05
9.3e-05
9.6e-05
7.5e-05
8.7e-05
6.8e-05
8.3e-05
7.8e-05
7.8e-05
7e-05
8.6e-05
7.6e-05
7.6e-05
9.1e-05
9e-05
9.5e-05
8.8e-05
8.7e-05
9.1e-05
7.3e-05
7.3e-05
0.000101
9e-05
8.5e-05
8.2e-05
9.8e-05
8e-05
9.4e-05
8.8e-05
9e-05
9.1e-05
9e-05
9.8e-05
9.5e-05
8.5e-05
8.3e-05
9.3e-05
9.1e-05
8.4e-05
9.3e-05
8e-05
8.5e-05
6.7e-05
0.00011
8.8e-05
0.000118
5.2e-05
5.3e-05
5.3e-05
5.5e-05
5e-05
5.2e-05
5.5e-05
5.5e-05
5.4e-05
5.2e-05
6.7e-05
6.4e-05
6.6e-05
6.3e-05
6.2e-05
6.1e-05
6.6e-05
6.3e-05
6.3e-05
6.9e-05
6.4e-05
6e-05
6.6e-05
6.4e-05
5.8e-05
6e-05
6.3e-05
6.2e-05
6.3e-05
5.8e-05
6.4e-05
6.3e-05
6.5e-05
6.3e-05
6.3e-05
6.9e-05
6.2e-05
6.5e-05
6.6e-05
0.008872
0.00012
0.000105
0.0001
8e-05
6.8e-05
8.5e-05
7.6e-05
6.8e-05
7.7e-05
9.1e-05
0.000122
8.5e-05
7.8e-05
7.1e-05
8.5e-05
7.5e-05
8.7e-05
8.1e-05
8.2e-05
7.6e-05
8e-05
6.2e-05
9.4e-05
5.3e-05
5e-05
5.3e-05
5.7e-05
5e-05
5.3e-05
5.2e-05
5.3e-05
5.2e-05
5.2e-05
5.2e-05
5.2e-05
6.9e-05
6.3e-05
6.6e-05
6.9e-05
6e-05
6.5e-05
6.6e-05
6.4e-05
6.6e-05
5.9e-05
6.6e-05
6.1e-05
6.2e-05
6.6e-05
6.6e-05
6.5e-05
6.3e-05
6.5e-05
6.4e-05
6.7e-05
6.6e-05
6.5e-05
6.4e-05
6.6e-05
6.1e-05
7.4e-05
6.5e-05
6.6e-05
6.3e-05
6.6e-05
6.1e-05
6.3e-05
6.2e-05
6.4e-05
6.3e-05
6.6e-05
6.6e-05
6.3e-05
6.5e-05
6.4e-05
6.6e-05
6.3e-05
7.2e-05
6.9e-05
7.5e-05
7e-05
6.7e-05
6.6e-05
6.6e-05
6.4e-05
6.6e-05
7.1e-05
6.3e-05
6.6e-05
6.5e-05
6.2e-05
6.4e-05
5.7e-05
5.9e-05
6.1e-05
5.8e-05
6.8e-05
5.9e-05
6.3e-05
6.8e-05
6.5e-05
6.6e-05
6.1e-05
6.2e-05
6.4e-05
6.1e-05
9.8e-05
6.6e-05
6.8e-05
6e-05
6.2e-05
6.2e-05
6.6e-05
6.4e-05
6.1e-05
6.5e-05
6.3e-05
6.4e-05
6.1e-05
5.9e-05
6.6e-05
6.5e-05
6.5e-05
6.4e-05
6.8e-05
6.9e-05
6.5e-05
6.5e-05
6.4e-05
6.2e-05
6.3e-05
6.6e-05
6.4e-05
6.3e-05
6.5e-05
6.6e-05
6.5e-05
5.8e-05
6.3e-05
6.5e-05
6.1e-05
5.9e-05
6.3e-05
5.8e-05
6.4e-05
6.5e-05
6.3e-05
6.8e-05
6.3e-05
6.5e-05
6.4e-05
6.6e-05
6.4e-05
6.3e-05
6.4e-05
6.5e-05
6.5e-05
6.6e-05
5.8e-05
6.6e-05
6.8e-05
6.2e-05
6.3e-05
5.8e-05
6.3e-05
6.1e-05
6.2e-05
6.5e-05
6.3e-05
6.3e-05
6.5e-05
6.5e-05
6.6e-05
6.6e-05
6.1e-05
6.9e-05
6.6e-05
6.3e-05
6.6e-05
6.5e-05
6e-05
6.4e-05
6.6e-05
6.2e-05
6.2e-05
5.8e-05
6.4e-05
6.5e-05
6.6e-05
6.3e-05
6.1e-05
6.6e-05
5.8e-05
6.1e-05
6e-05
6.9e-05
5.9e-05
6.1e-05
6.3e-05
6.4e-05
6.3e-05
6.4e-05
6.6e-05
5.8e-05
5.9e-05
6.4e-05
6.3e-05
7.1e-05
5.8e-05
6e-05
6.8e-05
6.4e-05
6.1e-05
6.6e-05
5.8e-05
6e-05
5.8e-05
5.8e-05
5.8e-05
6.1e-05
6.4e-05
6.6e-05
6.4e-05
6.6e-05
6.1e-05
6.4e-05
6.6e-05
6.4e-05
6.5e-05
6.3e-05
6.5e-05
6e-05
6.6e-05
6.4e-05
6.5e-05
5.8e-05
5.8e-05
6e-05
6.5e-05
6.3e-05
5.8e-05
5.8e-05
6.1e-05
7.5e-05
6.2e-05
5.8e-05
6.4e-05
6.5e-05
6.5e-05
6.2e-05
6.3e-05
6e-05
6.5e-05
6.5e-05
6.4e-05
6.3e-05
6.1e-05
6.1e-05
5.8e-05
6.2e-05
5.8e-05
6.2e-05
5.9e-05
5.8e-05
5.8e-05
6.5e-05
6.5e-05
6.3e-05
6.5e-05
6.5e-05
6.3e-05
5.8e-05
6.1e-05
6e-05
6.2e-05
6.4e-05
6e-05
6.6e-05
6.8e-05
6.6e-05
6.8e-05
6.1e-05
6e-05
6.5e-05
6.7e-05
6.3e-05
6.6e-05
6.2e-05
6.6e-05
6.4e-05
6e-05
6.2e-05
6.1e-05
5.9e-05
6.1e-05
6.5e-05
6.6e-05
5.8e-05
6.1e-05
6.5e-05
6.3e-05
6.5e-05
6e-05
6.2e-05
6.4e-05
6.5e-05
5.9e-05
6.5e-05
6.2e-05
5.9e-05
7.2e-05
6.3e-05
6.1e-05
6.3e-05
6.2e-05
6.2e-05
6.4e-05
6.6e-05
6.3e-05
6.5e-05
6.6e-05
6.4e-05
9.7e-05
8e-05
0.012037
0.0001
9.5e-05
8.2e-05
8.8e-05
8e-05
9.5e-05
7.6e-05
8.1e-05
8.2e-05
7e-05
0.000136
8.2e-05
9.4e-05
8e-05
8e-05
8.8e-05
8.6e-05
9e-05
8.6e-05
8e-05
9e-05
9e-05
7.8e-05
7e-05
7.2e-05
7.8e-05
7.2e-05
8e-05
6.6e-05
6.1e-05
9.2e-05
6.6e-05
5.8e-05
5.3e-05
5.3e-05
5.3e-05
5.2e-05
5.2e-05
5e-05
5e-05
5.2e-05
5.2e-05
5.2e-05
8.6e-05
5e-05
5e-05
5.2e-05
6.1e-05
6.5e-05
6.5e-05
0.000124
0.000103
7.6e-05
0.0001
8.3e-05
8e-05
8.9e-05
9.5e-05
8.6e-05
9.5e-05
7.8e-05
8.5e-05
7.8e-05
8e-05
8.3e-05
8.3e-05
7.2e-05
0.000103
9.1e-05
8e-05
8.2e-05
9.5e-05
6.4e-05
8e-05
8.3e-05
0.000108
7.8e-05
8.3e-05
7.8e-05
7.2e-05
8e-05
0.000108
7.7e-05
6.7e-05
6.2e-05
7.5e-05
7.5e-05
9e-05
8.3e-05
7.5e-05
8.7e-05
7.6e-05
6.5e-05
0.000111
6e-05
5e-05
5e-05
5e-05
5e-05
5e-05
5.2e-05
5e-05
4.8e-05
5e-05
5.4e-05
5.2e-05
5.2e-05
5.2e-05
5e-05
5.3e-05
5.3e-05
5.2e-05
5e-05
6.4e-05
6.4e-05
6.9e-05
6.1e-05
6e-05
6.6e-05
6e-05
6.2e-05
6e-05
6.5e-05
6.2e-05
6.5e-05
6.3e-05
0.000106
6.5e-05
6.4e-05
6.1e-05
6e-05
6.2e-05
5.7e-05
6.3e-05
6.2e-05
6.3e-05
6.1e-05
6.3e-05
6.1e-05
6.5e-05
6e-05
6.1e-05
6.6e-05
6.3e-05
6.5e-05
6.6e-05
5.8e-05
6.2e-05
6.2e-05
5.8e-05
0.000109
6.3e-05
6.6e-05
6.6e-05
6.5e-05
6.1e-05
6e-05
6.4e-05
6.3e-05
6.6e-05
6.3e-05
6.3e-05
6.4e-05
