0.001876
0.000289
0.0001
9.3e-05
9.3e-05
9.3e-05
9.6e-05
9.2e-05
9.7e-05
9.6e-05
0.0001
9.6e-05
0.000112
0.000148
0.000139
0.000148
0.00014
0.000148
0.000129
0.000117
0.000156
0.000125
0.000112
0.000132
0.000154
0.000112
0.00012
0.03259
0.00018
0.000137
0.000117
0.00012
0.000112
0.000124
0.000116
0.000145
0.000141
0.000164
0.000137
0.000116
0.000129
0.00012
0.000121
0.000125
0.000144
0.00012
0.000148
0.000133
0.000152
0.000129
0.000161
0.000141
0.000133
0.000116
0.000145
0.000144
0.000125
0.000144
0.000149
0.000141
0.00014
0.014954
0.000245
0.000127
0.000109
0.000124
0.000145
0.00016
0.000205
0.000141
0.000205
0.000139
0.000149
0.000156
0.000136
0.000116
0.000128
0.00012
0.000124
0.000136
0.000124
0.000144
0.000156
0.000133
0.000144
0.000125
0.000117
0.000116
0.000128
0.000121
0.000145
0.000133
0.00016
0.000124
0.000128
0.000137
0.00012
0.012601
0.000153
0.00012
0.000112
0.00014
0.000156
0.000154
0.000156
0.000304
0.000145
0.00016
0.000152
0.000184
0.000165
0.000124
0.0002
0.000148
0.00012
0.000112
0.000141
0.000129
0.000139
0.000148
0.000153
0.000154
0.000132
0.000173
0.000128
0.000156
0.000172
0.000136
0.000133
0.000132
0.00012
0.000192
0.000161
0.000173
0.000137
0.00014
0.00018
0.000156
0.000164
0.000144
0.000141
0.00012
0.000137
0.000137
0.000148
0.00014
0.000144
0.00016
0.000133
0.00014
0.000144
0.000137
0.000149
0.000152
0.000116
0.000116
0.000141
0.000116
0.000124
0.00081
0.000139
0.000152
0.000144
0.000145
0.000129
0.000141
0.000168
0.00014
0.000153
0.000148
0.000133
0.000132
0.00012
0.000124
0.000136
0.000124
0.000152
0.014982
0.000153
0.000165
0.000136
0.000117
0.000152
0.000137
0.00014
0.000168
0.000124
0.000135
0.000136
0.000128
0.000141
0.000156
0.000152
0.000156
0.000109
0.00043
0.000131
0.000137
0.000156
0.000144
0.000137
0.000148
0.000156
0.000148
0.000153
0.000124
0.000152
0.00014
0.000161
0.000143
0.000148
0.000132
0.00012
0.000144
0.000137
0.000144
0.000145
0.000152
0.000165
0.00016
0.000137
0.000156
0.000164
0.000164
0.000141
0.000156
0.000132
0.00014
0.000152
0.000139
0.000145
0.000141
0.000112
0.000177
0.000137
0.000133
0.000133
0.00014
0.00015
0.000116
0.000152
0.000137
0.000152
0.000137
0.00014
0.000165
0.000152
0.000136
0.000145
0.000141
0.000116
0.000127
0.000137
0.000164
0.000164
0.000616
0.000116
0.000144
0.000148
0.000145
0.000129
0.000133
0.00016
0.000148
0.000139
0.000152
0.000156
0.000124
0.000141
0.000116
0.000131
0.000148
0.000124
0.000124
0.000133
0.000152
0.015342
0.000204
0.000164
0.000152
0.000128
0.000137
0.000144
0.000273
0.000141
0.000137
0.000132
0.000148
0.000165
0.000124
0.000131
0.000141
0.000116
0.000141
0.000152
0.000112
0.000144
0.000145
0.000132
0.000145
0.000164
0.000165
0.000133
0.000149
0.000152
0.000145
0.00022
0.000132
0.000116
0.000112
0.000148
0.000152
0.000139
0.000148
0.000189
0.000152
0.000213
0.000213
0.000156
0.000229
0.000137
0.000152
0.000145
0.000136
0.000116
0.00014
0.000135
0.000136
0.000112
0.000135
0.000137
0.000152
0.000137
0.000145
0.000141
0.000132
0.00012
0.000133
0.000129
0.000148
0.000173
0.000139
0.000145
0.000141
0.000152
0.000143
0.000124
0.000173
0.000139
0.000168
0.000148
0.000161
0.000161
0.000148
0.000129
0.000152
0.000141
0.000148
0.000157
0.000137
0.000135
0.000109
0.000141
0.000141
0.000156
0.000144
0.000141
0.000137
0.000165
0.000165
0.00016
0.000152
0.000169
0.000169
0.000144
0.000148
0.000133
0.00018
0.000152
0.000112
0.000172
0.000133
0.000152
0.000175
0.000128
0.000145
0.000139
0.000132
0.000148
0.000173
0.000129
0.000141
0.000157
0.00016
0.00012
0.000144
0.000141
0.000156
0.000156
0.000156
0.000156
0.000164
0.000149
0.000133
0.000154
0.000129
0.000164
0.000156
0.000152
0.000125
0.000137
0.000153
0.00015
0.000141
0.000127
0.000137
0.000164
0.000149
0.000148
0.000137
0.000165
0.000156
0.000184
0.00014
0.00015
0.00014
0.000157
0.000156
0.000156
0.000164
0.000164
0.000167
0.000133
0.000124
0.000173
0.000213
0.000156
0.000152
0.000137
0.000152
0.000213
0.000224
0.000169
0.000196
0.000129
0.000152
0.000161
0.000112
0.000125
0.000152
0.000152
0.000129
0.000298
0.000137
0.000201
0.000152
0.000129
0.000145
0.000164
0.000137
0.000132
0.000129
0.000296
0.000192
0.000168
0.000133
0.000132
0.000144
0.000152
0.000124
0.000117
0.000148
0.000128
0.000132
0.000129
0.000145
0.000152
0.000154
0.000128
0.000137
0.000125
0.000136
0.000171
0.000125
0.000149
0.000133
0.000136
0.000121
0.000152
0.000124
0.00016
0.000144
0.000124
0.000121
0.00012
0.000113
0.000117
0.000133
0.000125
0.000148
0.000137
0.000128
0.000125
0.000156
0.000136
0.000108
0.000161
0.000132
0.000164
0.000148
0.000133
0.000164
0.000144
0.000171
0.00018
0.000156
0.000177
0.000176
0.000164
0.00014
0.000116
0.000184
0.000156
0.000161
0.000124
0.000132
0.000144
0.000176
0.00016
0.00012
0.000141
0.000167
0.000177
0.000135
0.000124
0.00016
0.00012
0.000128
0.000137
0.000156
0.000152
0.000149
0.000129
0.000172
0.000164
0.000176
0.000168
0.000128
0.000152
0.000172
0.000144
0.00016
0.000173
0.000165
0.000156
0.000139
0.000153
0.000169
0.000156
0.000161
0.000152
0.000141
0.000164
0.000135
0.000186
0.000177
0.00043
0.000125
0.00012
0.000141
0.000124
0.000136
0.000136
0.000128
0.000141
0.028056
0.000197
0.000108
0.00014
0.000173
0.000112
0.000141
0.000133
0.000139
0.000105
0.000128
0.00012
0.000152
0.000145
0.000133
0.000152
0.000135
0.00014
0.000156
0.000152
0.000188
0.00012
0.000145
0.000168
0.000181
0.000161
0.000157
0.000181
0.000137
0.000135
0.00014
0.00012
0.000169
0.000153
0.000149
0.000121
0.000124
0.00016
0.000176
0.000152
0.000105
0.000148
0.000136
0.000152
0.000132
0.00014
0.000157
0.000141
0.000156
0.000172
0.000141
0.00012
0.000156
0.00016
0.000136
0.000121
0.000148
0.000161
0.000125
0.000156
0.000161
0.000152
0.000145
0.000149
0.000141
0.000179
0.000164
