0.001789
0.00023
0.0001
0.000105
0.00011
0.00011
0.000151
0.0001
0.000106
0.000115
0.000111
0.000106
0.000106
0.0001
0.00011
0.000105
0.000105
0.00011
0.000105
0.000105
0.00012
0.00011
0.00012
0.000104
0.029863
0.000236
0.00015
0.000155
0.00016
0.000171
0.00015
0.00019
0.00019
0.00018
0.000176
0.000175
0.00017
0.000176
0.00016
0.000165
0.00016
0.000161
0.000185
0.000165
0.00015
0.00016
0.00016
0.000156
0.00013
0.000171
0.00016
0.000131
0.00018
0.000151
0.0002
0.01535
0.000201
0.00014
0.000166
0.000155
0.00015
0.000165
0.000191
0.000175
0.00016
0.000201
0.00015
0.000176
0.000156
0.000135
0.000185
0.00017
0.000145
0.00017
0.00016
0.000171
0.000175
0.000175
0.000151
0.00013
0.000166
0.000186
0.000156
0.000356
0.00015
0.000185
0.000191
0.000126
0.000206
0.000106
9.5e-05
0.0001
0.000105
0.0001
9.5e-05
0.000101
0.000105
0.000105
0.000105
0.000106
9.6e-05
0.0001
0.000105
0.0001
0.000105
0.000106
9.5e-05
0.00011
9.5e-05
9.5e-05
0.0001
0.000105
0.000106
0.000106
0.0001
0.00012
9.5e-05
0.011386
0.000156
0.000185
0.000175
0.000176
0.000135
0.000166
0.00016
0.000135
0.000155
0.00015
0.000165
0.00014
0.000145
0.00013
0.000181
0.00018
0.00016
0.000166
0.000175
0.000186
0.000175
0.000165
0.000195
0.00017
0.000165
0.000155
0.000156
0.000145
0.000171
0.000201
0.000195
0.000175
0.000171
0.00015
0.000155
0.000185
0.000171
0.000131
0.0002
0.000151
9.5e-05
0.000151
9.5e-05
9e-05
0.000105
0.0001
0.000106
0.0001
0.000106
0.000105
0.000101
9.5e-05
0.0001
0.0001
0.000105
0.000105
0.0001
0.0001
0.0001
0.0001
0.000105
0.000105
0.000105
0.000106
0.0001
0.00011
0.0001
0.0001
0.00011
0.0001
9.5e-05
0.000106
0.0001
0.000101
0.0001
0.000105
0.000105
0.000105
0.0001
0.000101
0.0001
9.5e-05
0.0001
0.000105
0.000105
0.000106
0.000101
9.5e-05
0.0001
0.00011
0.000105
0.0001
0.000106
0.000106
0.000101
0.000105
0.000105
0.000105
0.000101
0.000105
0.000101
9.5e-05
0.0001
0.0001
0.000105
9.5e-05
0.00011
9.5e-05
0.0001
0.000101
0.000105
0.012278
0.00017
0.00018
0.00015
0.00018
0.00016
0.000165
0.00015
0.00017
0.000155
0.00018
0.00017
0.000155
0.000175
0.00015
0.000165
0.00013
0.000165
0.000185
0.000161
0.000171
0.00016
0.000175
0.000151
0.000181
0.000165
0.000185
0.00019
0.000166
0.000181
0.00018
0.000181
0.000181
0.00016
0.000135
0.0001
0.000106
0.000105
0.000105
0.000105
0.0001
9.5e-05
0.0001
9.6e-05
0.000106
9.5e-05
0.0001
0.000101
0.000101
9.6e-05
9.5e-05
0.0001
9.5e-05
0.000106
0.0001
0.000106
0.0001
0.000105
0.0001
0.0001
0.000105
0.000106
0.000106
0.000106
9.5e-05
0.0001
0.000105
0.000105
0.0001
0.0001
0.000101
0.0001
9.5e-05
0.000105
0.000105
0.000101
0.000104
0.000105
9.6e-05
9.5e-05
9.5e-05
0.0001
0.000106
0.0001
0.0001
0.000105
0.000105
0.000105
0.000105
0.000106
0.000105
0.0001
0.00011
0.00011
0.000105
0.0001
0.0001
9.5e-05
0.000105
0.000105
0.0001
9.5e-05
9.6e-05
0.000105
9.5e-05
0.000101
0.000105
0.000105
0.0001
9.6e-05
0.00011
0.000101
0.000105
0.0001
0.000105
0.000106
9.5e-05
9.5e-05
0.0001
9.5e-05
0.000105
0.000105
0.000105
0.000101
0.000101
0.000105
0.000105
0.000105
9.6e-05
0.0001
0.000111
0.000106
0.0001
0.0001
0.0001
0.000106
0.0001
9.6e-05
9.6e-05
9.5e-05
9.5e-05
9.5e-05
0.000121
0.000111
0.000101
0.000105
0.000105
0.000105
0.00012
0.0001
0.000105
0.000106
9.6e-05
9.6e-05
0.0001
0.000105
9.5e-05
0.000105
0.000106
9.6e-05
9e-05
0.000101
0.0001
0.0001
0.000105
0.0001
0.000101
0.000106
0.0001
0.000105
9.5e-05
0.000105
0.0001
9.6e-05
0.0001
0.000105
0.0001
0.0001
0.000105
0.0001
9.5e-05
9.6e-05
0.000105
0.0001
9.6e-05
0.0001
0.000105
0.000105
0.000115
9.5e-05
9.5e-05
9.5e-05
0.000101
0.000105
0.000106
0.0001
9.5e-05
9.6e-05
0.0001
0.000106
9.6e-05
0.000105
0.0001
0.0001
0.000105
0.000106
0.000106
9.5e-05
0.0001
0.000105
9.4e-05
0.0001
0.000105
0.000105
0.000105
0.0001
0.0001
0.0001
0.000105
0.000106
0.000106
9.6e-05
0.000106
0.000105
0.0001
0.000105
0.00011
0.000105
0.000101
0.000105
0.0001
0.00011
9.5e-05
9.6e-05
9.6e-05
9.6e-05
0.019599
0.000231
0.000156
0.000155
0.000145
0.000155
0.000165
0.000135
0.000181
0.00014
0.000131
0.00017
0.000145
0.000195
0.00018
0.000156
0.000175
0.000175
0.000186
0.000145
0.000175
0.000191
0.000185
0.00017
0.000186
0.000245
0.000151
0.000181
0.000131
0.00018
0.000165
0.000126
0.000146
0.000135
0.000171
0.000221
0.000165
0.000165
0.00014
0.00015
0.00018
0.000175
0.00019
0.000165
0.000165
0.000155
0.000161
0.000175
0.00018
0.00016
0.00017
0.000161
0.000191
0.000211
0.000171
0.00013
0.000125
0.000231
0.000175
0.000682
0.000105
0.000105
0.000105
0.000106
9.5e-05
0.000105
0.000106
0.0001
0.000106
0.0001
0.0001
0.0001
0.000105
0.000106
0.0001
9.4e-05
0.000106
0.0001
0.000105
0.00012
0.0001
9.6e-05
9.6e-05
0.000101
0.000105
0.000105
9.5e-05
0.00012
0.0001
0.000105
9.5e-05
0.000105
0.000105
0.000106
0.00011
0.000101
0.000105
0.0001
0.000105
9.5e-05
9.5e-05
9.5e-05
0.000101
0.000106
9.5e-05
9.5e-05
0.000105
0.000106
0.000104
0.000101
9.5e-05
9.5e-05
9.6e-05
0.0001
9.4e-05
0.0001
0.000105
0.000105
0.0001
9.5e-05
0.0001
0.000105
0.00011
0.000105
0.000105
0.0001
9.5e-05
9.5e-05
0.000106
0.000105
0.000106
0.00011
0.0001
0.000105
0.0001
9.5e-05
0.000101
0.0001
0.000106
0.000101
0.000105
0.000105
0.000105
0.000105
0.000105
0.000106
9.5e-05
9.5e-05
0.0001
9.5e-05
0.000101
0.000105
0.000105
0.0001
9.5e-05
0.0001
0.000105
0.0001
0.000101
0.000101
0.000106
0.0001
0.0001
0.0001
0.0001
0.000105
0.000105
0.0001
0.0001
0.000106
0.000105
0.0001
0.0001
0.0001
0.000106
0.000111
0.000101
9.6e-05
9e-05
9.5e-05
0.000101
0.000105
9.5e-05
0.0001
0.000105
9.5e-05
9.5e-05
9.5e-05
0.000105
9.5e-05
0.000105
0.000105
9.5e-05
9.5e-05
0.000105
0.000105
0.000105
0.0001
0.000105
0.0001
0.0001
0.000105
0.000105
0.000105
0.0001
9.5e-05
0.0001
0.000104
0.000105
