0.001047
0.000125
5.9e-05
5.9e-05
5.7e-05
5.1e-05
5.2e-05
5.5e-05
5.6e-05
5.4e-05
6.1e-05
5.7e-05
5.7e-05
5.4e-05
6.1e-05
5.7e-05
5.4e-05
5.4e-05
5.2e-05
5.7e-05
6.1e-05
6.1e-05
5.7e-05
5.9e-05
5.7e-05
6.1e-05
5.7e-05
5.6e-05
5.1e-05
5.1e-05
5.4e-05
5.7e-05
5.1e-05
0.016652
0.000134
7.3e-05
8.7e-05
0.000106
9.7e-05
8e-05
7.1e-05
6.9e-05
7e-05
8e-05
8.5e-05
8.7e-05
6.9e-05
9.7e-05
9e-05
8e-05
8.7e-05
8.3e-05
0.007732
9.4e-05
0.000102
8.9e-05
0.000111
8.5e-05
8.7e-05
7.1e-05
7.1e-05
7.5e-05
7.3e-05
8.8e-05
8e-05
9.9e-05
9.9e-05
9.2e-05
9e-05
8.7e-05
8e-05
0.000109
8.7e-05
0.000102
9.9e-05
0.000102
8.5e-05
9.2e-05
9.2e-05
0.000301
0.005889
0.00012
8.7e-05
8.4e-05
8e-05
8.9e-05
7.1e-05
8.5e-05
7.1e-05
9.2e-05
8.2e-05
8.9e-05
9.7e-05
8.9e-05
9.2e-05
8.7e-05
9.2e-05
9.2e-05
8.2e-05
0.000104
9.4e-05
9.4e-05
9.4e-05
0.000108
7.3e-05
8.5e-05
9.4e-05
8.2e-05
0.000106
9.2e-05
7.3e-05
0.000104
9.9e-05
5.9e-05
5.7e-05
5.9e-05
5.2e-05
5.5e-05
5.9e-05
5.9e-05
5.2e-05
5.4e-05
5.5e-05
5.4e-05
5.9e-05
5.7e-05
5.6e-05
5.9e-05
5.9e-05
5.4e-05
5.2e-05
0.004938
8.5e-05
8.2e-05
9e-05
8.9e-05
9.9e-05
8.3e-05
8.7e-05
9e-05
0.000136
9.4e-05
8.5e-05
9.2e-05
8.3e-05
8.9e-05
6.9e-05
0.000111
0.000101
0.000103
0.000108
9.9e-05
8e-05
8.7e-05
5.9e-05
5.4e-05
5.4e-05
5.7e-05
5.6e-05
5.9e-05
5.9e-05
5.9e-05
5.4e-05
5.4e-05
5.4e-05
5.2e-05
5.5e-05
5.4e-05
5.2e-05
5.6e-05
5.5e-05
5.1e-05
5.9e-05
4.9e-05
5.9e-05
5.6e-05
5.4e-05
5.4e-05
5.2e-05
5.5e-05
5.2e-05
5.5e-05
5.5e-05
5.2e-05
5.7e-05
5.4e-05
5.5e-05
5e-05
6.1e-05
0.005047
0.000102
9e-05
0.0001
9.5e-05
7.8e-05
8.7e-05
9.2e-05
0.000101
0.000262
9.9e-05
8.2e-05
8.2e-05
0.000108
7.4e-05
9.7e-05
0.000101
9.2e-05
7.1e-05
9.9e-05
9.7e-05
8e-05
6.6e-05
6.8e-05
5.2e-05
5.7e-05
5e-05
5e-05
5.6e-05
5.4e-05
5.5e-05
5.2e-05
5.4e-05
4.9e-05
5e-05
5.5e-05
5.4e-05
5.8e-05
5.2e-05
5.4e-05
5.2e-05
5.2e-05
5e-05
5e-05
5.7e-05
5.7e-05
5.7e-05
5.2e-05
5.4e-05
5.2e-05
5.4e-05
5.7e-05
5.9e-05
5.4e-05
5.2e-05
5.5e-05
5.4e-05
5.2e-05
5.9e-05
5.9e-05
5.9e-05
5.5e-05
5.9e-05
5.9e-05
6.1e-05
5.4e-05
4.9e-05
5.2e-05
5.7e-05
5.7e-05
5.4e-05
5.2e-05
5.5e-05
5e-05
5.4e-05
4.9e-05
5.4e-05
5.4e-05
5.2e-05
5.5e-05
5.6e-05
5.9e-05
5.9e-05
5.9e-05
5.4e-05
5.2e-05
4.9e-05
5e-05
5.7e-05
5.9e-05
5.2e-05
5.9e-05
5.7e-05
5.9e-05
4.9e-05
5.2e-05
4.9e-05
0.004841
8.3e-05
8.9e-05
8.5e-05
0.000104
8.5e-05
7.7e-05
8.9e-05
8e-05
7.5e-05
0.000102
9.9e-05
8.5e-05
9.2e-05
7.7e-05
9.7e-05
8.7e-05
8.2e-05
9e-05
8.5e-05
8.5e-05
9.4e-05
8e-05
9.5e-05
8e-05
8.9e-05
7.3e-05
9.4e-05
8.3e-05
8.7e-05
8.3e-05
8.7e-05
7.8e-05
8e-05
8.9e-05
5.2e-05
5.2e-05
5.5e-05
5.7e-05
5e-05
5.5e-05
5.9e-05
5e-05
5.2e-05
5.6e-05
5.4e-05
4.9e-05
5.4e-05
6.1e-05
5.6e-05
5.6e-05
5.2e-05
5.9e-05
5.4e-05
5.2e-05
5.2e-05
5.4e-05
5.9e-05
5.6e-05
5.2e-05
5.4e-05
5.5e-05
5.6e-05
5.2e-05
5.2e-05
5.4e-05
4.9e-05
5.4e-05
5.5e-05
5.4e-05
5.2e-05
5.5e-05
5.2e-05
5.2e-05
5.5e-05
4.9e-05
5.7e-05
4.9e-05
5.2e-05
5.2e-05
5.2e-05
4.9e-05
5.2e-05
4.9e-05
0.004858
9.2e-05
7.6e-05
9.2e-05
8.7e-05
9.5e-05
8.7e-05
7.1e-05
0.000102
9e-05
8.5e-05
7e-05
8.5e-05
7.5e-05
0.000106
7.5e-05
8.7e-05
9.4e-05
9.7e-05
0.000104
0.000102
8.3e-05
9.4e-05
8e-05
9.5e-05
9.4e-05
9.6e-05
9.9e-05
9.4e-05
9.6e-05
8.7e-05
7.5e-05
9.2e-05
0.000101
5.4e-05
5.5e-05
5.5e-05
5.4e-05
5.5e-05
5e-05
5.7e-05
4.9e-05
5.2e-05
5.4e-05
5.4e-05
5.2e-05
5.2e-05
5.2e-05
5.2e-05
5.2e-05
5.2e-05
5.4e-05
5.2e-05
5.8e-05
5.4e-05
5.5e-05
5.5e-05
5.5e-05
5.2e-05
5.9e-05
5.9e-05
5.2e-05
5.2e-05
5.4e-05
5.6e-05
5.9e-05
5.9e-05
5.6e-05
4.9e-05
5.4e-05
5.5e-05
5.2e-05
5.9e-05
5.4e-05
5.2e-05
4.9e-05
5.2e-05
5.2e-05
5e-05
5.2e-05
5.9e-05
5.9e-05
5.9e-05
5.9e-05
5.4e-05
5.5e-05
5.7e-05
5.5e-05
5.4e-05
5.2e-05
5.2e-05
5.2e-05
4.9e-05
5.7e-05
5.7e-05
5.4e-05
5.5e-05
5.4e-05
5.2e-05
5.2e-05
5e-05
5.4e-05
5.2e-05
5.2e-05
5.5e-05
5.2e-05
5e-05
5.7e-05
4.9e-05
5.1e-05
5.4e-05
5.6e-05
4.9e-05
5.2e-05
5.4e-05
4.9e-05
5e-05
5.4e-05
5.4e-05
5.4e-05
5.2e-05
4.9e-05
4.9e-05
5.5e-05
5.4e-05
5.7e-05
5.2e-05
5.2e-05
5.4e-05
5e-05
5.2e-05
5.9e-05
5.4e-05
5.2e-05
5.4e-05
5.9e-05
5.9e-05
5e-05
5.2e-05
4.9e-05
5.2e-05
5.7e-05
5e-05
5.4e-05
5.9e-05
5.4e-05
5.9e-05
5.4e-05
0.000116
8.2e-05
8.3e-05
6.4e-05
5.8e-05
9.7e-05
9.5e-05
8.2e-05
7.3e-05
7.8e-05
8e-05
6.9e-05
7.1e-05
9.2e-05
8.5e-05
8.2e-05
7.3e-05
9.5e-05
0.007737
0.000118
8.2e-05
0.000102
8e-05
8.5e-05
7.6e-05
9.6e-05
6.9e-05
8.5e-05
6.6e-05
8.3e-05
9.7e-05
9.4e-05
8.5e-05
8e-05
8.3e-05
6.8e-05
0.000191
8.2e-05
8.2e-05
9.6e-05
9e-05
8.5e-05
8.7e-05
9e-05
8.5e-05
8.5e-05
7.8e-05
6.4e-05
5.5e-05
5.8e-05
5.9e-05
5.4e-05
5.9e-05
5.2e-05
5.6e-05
5.6e-05
5e-05
5.5e-05
5.2e-05
5.2e-05
5.2e-05
5.5e-05
5.4e-05
5.1e-05
5.2e-05
5.9e-05
5.2e-05
5.4e-05
5.2e-05
5.9e-05
5.6e-05
5.9e-05
5.7e-05
5.4e-05
5.5e-05
5.4e-05
5.6e-05
5.9e-05
5.7e-05
5.7e-05
5e-05
5.4e-05
5.9e-05
5.7e-05
5.4e-05
5.5e-05
5.4e-05
5.2e-05
4.9e-05
5e-05
5.4e-05
5.2e-05
5.4e-05
5.4e-05
5.4e-05
5.4e-05
5.4e-05
5.4e-05
4.9e-05
5.2e-05
5.4e-05
5.9e-05
4.9e-05
5.4e-05
5e-05
5.4e-05
5.4e-05
5.7e-05
5.4e-05
5.4e-05
5.5e-05
5.9e-05
5.1e-05
5.9e-05
5.4e-05
5.2e-05
5.2e-05
5.2e-05
5.2e-05
5.9e-05
5.9e-05
5.9e-05
5.2e-05
5.2e-05
4.9e-05
5.2e-05
5e-05
5.5e-05
5.4e-05
5.4e-05
5.1e-05
5.2e-05
5.2e-05
6.1e-05
5.2e-05
5.2e-05
5.9e-05
5.9e-05
5.4e-05
