0.002678
0.000349
0.000161
0.000145
0.000148
0.000152
0.000133
0.000124
0.000116
0.000251
0.000133
0.000133
0.000116
0.000133
0.000116
0.000128
0.000136
0.000131
0.000128
0.000164
0.000148
0.000205
0.000137
0.000109
0.000129
0.000125
0.000104
0.000152
0.000121
0.000148
0.000156
0.033597
0.000222
0.000153
0.000152
0.000104
0.000135
0.014228
0.000173
0.00014
0.000144
0.000128
0.000127
0.000108
0.000107
0.000139
0.00597
0.000137
0.000139
0.000132
0.000124
0.000149
0.000131
0.000133
0.000148
0.009919
0.000116
0.000109
0.000132
0.000173
0.000152
0.485689
0.00016
0.000125
0.000132
0.000128
0.000144
0.016734
0.000188
0.000164
0.000152
0.00014
0.000169
0.000161
0.000124
0.000161
0.000152
0.00016
0.000108
0.00016
0.000164
0.000169
0.000157
0.000144
0.000137
0.000161
0.000175
0.000156
0.000137
0.009738
0.0002
0.00012
0.000152
0.000128
0.000153
0.000164
0.000205
0.000144
0.000129
0.000137
0.00014
0.000136
0.00014
0.000144
0.000125
0.000137
0.000168
0.000144
0.000465
0.000149
0.000152
0.00016
0.000116
0.000188
0.000172
0.000144
0.000136
0.000128
0.010059
0.000156
0.000116
0.000136
0.000165
0.000137
0.000173
0.000273
0.000161
0.00012
0.000156
0.000184
0.000129
0.000132
0.000133
0.000164
0.000156
0.000165
0.000173
0.000152
0.000135
0.000133
0.000124
0.000157
0.000156
0.00012
0.000144
0.000169
0.010435
0.000188
0.000132
0.00012
0.000133
0.000141
0.000144
0.000189
0.000124
0.000143
0.000144
0.000145
0.000154
0.000116
0.000112
0.000401
0.00016
0.000133
0.00012
0.000133
0.000168
0.000161
0.000156
0.000139
0.000145
0.000153
0.000129
0.000137
0.000154
0.000165
0.000137
0.000173
0.000144
0.000116
0.010248
0.000144
0.000148
0.000172
0.000136
0.000149
0.000112
0.000179
0.00012
0.000189
0.00016
0.000116
0.00016
0.000143
0.000125
0.00012
0.000143
0.000165
0.000137
0.000137
0.000139
0.000148
0.000157
0.000148
0.000144
0.000149
0.000136
0.000157
0.00016
0.000144
0.000148
0.000177
0.000156
0.000116
0.000132
0.000137
0.000113
0.000144
0.000152
0.000127
0.000125
0.000164
0.000153
0.000124
0.000116
0.000121
0.000116
0.000125
0.000153
0.012869
0.000181
0.000184
0.00014
0.000148
0.000112
0.000137
0.000132
0.000148
0.000136
0.000165
0.000169
0.000168
0.000156
0.000165
0.000125
0.000124
0.000125
0.000131
0.000485
0.000116
0.000165
0.000132
0.000144
0.000108
0.000144
0.000116
0.000146
0.000156
0.000152
0.000157
0.000161
0.000136
0.000144
0.000169
0.000105
0.000133
0.000144
0.000164
0.000156
0.000116
0.000148
0.000125
0.000127
0.000168
0.000148
0.000139
0.00012
0.000156
0.013034
0.000188
0.000116
0.000148
0.000136
0.000125
0.00016
0.00012
0.000165
0.000129
0.000133
0.000149
0.000145
0.000145
0.000165
0.000149
0.000152
0.000133
0.000164
0.000152
0.000128
0.000153
0.000112
0.000137
0.000125
0.000108
9.2e-05
9.7e-05
9.3e-05
8.9e-05
8.8e-05
9.3e-05
0.0001
9.3e-05
8.8e-05
9.3e-05
9.6e-05
8.9e-05
9.2e-05
8.9e-05
9.2e-05
8.9e-05
9.6e-05
9.9e-05
9.2e-05
9.9e-05
8.8e-05
9.1e-05
9.3e-05
8.8e-05
8.8e-05
9.6e-05
9.3e-05
9.3e-05
9.6e-05
0.009502
0.000136
0.000137
8.8e-05
0.000125
0.0001
9.5e-05
9.3e-05
9.7e-05
9.1e-05
9.2e-05
8.9e-05
9.2e-05
9.3e-05
8.9e-05
9.1e-05
9.3e-05
9.2e-05
9.3e-05
9.5e-05
8.9e-05
8.8e-05
8.4e-05
9.2e-05
8.8e-05
8.8e-05
9.1e-05
8.9e-05
9.2e-05
9.2e-05
9.5e-05
9.5e-05
9.3e-05
9.1e-05
9.3e-05
9.2e-05
9.5e-05
8.8e-05
9.2e-05
8.9e-05
8.9e-05
9.3e-05
8.4e-05
8.9e-05
9.6e-05
9.5e-05
9.3e-05
8.9e-05
9.5e-05
9.3e-05
8.8e-05
9.1e-05
9.2e-05
9.7e-05
9.6e-05
9.5e-05
8.8e-05
8.8e-05
9.3e-05
0.000121
0.000129
0.000133
0.000144
0.000143
0.008354
0.00012
0.000117
0.000148
0.000125
0.000112
0.000172
0.000116
0.000141
0.000176
0.000129
0.000133
0.000116
0.000124
0.000137
0.000141
0.000141
0.000157
0.000169
0.000165
0.00012
0.000139
0.000168
0.000164
0.000145
0.000177
0.000165
0.000156
0.000165
0.000168
0.000137
0.000144
0.000167
0.000184
0.000152
0.000136
0.000148
0.000148
0.000109
0.000175
0.000143
0.000164
0.000148
0.000164
0.000172
0.000169
0.000148
0.000145
0.000173
0.000136
0.000121
0.000137
0.000165
0.000116
0.000128
0.000132
0.000148
0.00014
0.00014
0.000144
0.000156
0.000156
0.000149
0.000165
0.000148
0.000128
0.000116
0.000161
0.00012
0.000125
8.8e-05
9.6e-05
0.000369
0.000148
0.000113
0.000597
9.2e-05
9.5e-05
8.8e-05
9.6e-05
9.1e-05
8.8e-05
9.2e-05
8.9e-05
9.6e-05
9.1e-05
9.3e-05
9.2e-05
8.9e-05
9.7e-05
9.3e-05
8.8e-05
9.2e-05
8.5e-05
9.3e-05
8.8e-05
8.8e-05
9.2e-05
9.2e-05
9.2e-05
0.012417
8.8e-05
8.8e-05
9.2e-05
9.5e-05
9.2e-05
9.1e-05
9.2e-05
9.2e-05
9.2e-05
9.7e-05
8.9e-05
0.000112
9.5e-05
8.8e-05
8.8e-05
9.6e-05
8.8e-05
9.2e-05
9.2e-05
9.6e-05
9.3e-05
9.3e-05
9.5e-05
9.7e-05
9.6e-05
9.2e-05
9.3e-05
9.6e-05
9.6e-05
8.8e-05
9.5e-05
0.000101
9.3e-05
9.6e-05
9.3e-05
9.7e-05
8.8e-05
9.9e-05
8.4e-05
9.6e-05
9.3e-05
9.2e-05
9.2e-05
9.3e-05
9.9e-05
9.2e-05
9.6e-05
8.4e-05
8.4e-05
9.2e-05
8.4e-05
8.4e-05
8.8e-05
8.8e-05
8.9e-05
8.9e-05
8.9e-05
8.4e-05
9.6e-05
9.9e-05
9.6e-05
9.2e-05
9.2e-05
9.1e-05
9.5e-05
9.2e-05
9.3e-05
9.3e-05
9.5e-05
0.000177
8.8e-05
9.3e-05
9.2e-05
9.3e-05
9.6e-05
9.2e-05
8.8e-05
9.1e-05
9.2e-05
9.3e-05
8.4e-05
8.4e-05
0.000108
8.7e-05
9.3e-05
9.2e-05
8.4e-05
9.3e-05
8.9e-05
9.2e-05
9.3e-05
8.8e-05
9.3e-05
9.1e-05
8.9e-05
9.2e-05
9.6e-05
9.5e-05
8.4e-05
0.000108
8.4e-05
8.8e-05
8.4e-05
8.9e-05
8.8e-05
9.3e-05
8.8e-05
9.6e-05
8.7e-05
9.2e-05
8.7e-05
9.2e-05
8.4e-05
8.8e-05
8.4e-05
8.4e-05
0.000105
8.8e-05
9.3e-05
8.9e-05
9.2e-05
9.6e-05
8.9e-05
9.5e-05
8.9e-05
8.9e-05
8.8e-05
9.2e-05
8.4e-05
9.6e-05
9.2e-05
9.3e-05
9.2e-05
8.9e-05
8.8e-05
8.9e-05
8.4e-05
8.4e-05
8.5e-05
8.8e-05
8.4e-05
8.8e-05
8.4e-05
8.9e-05
9.2e-05
9.2e-05
9.7e-05
9.2e-05
8.8e-05
8.8e-05
8.8e-05
8.8e-05
8.8e-05
9.2e-05
9.5e-05
8.8e-05
9.2e-05
8.8e-05
0.005548
8.9e-05
8.9e-05
9.5e-05
9.3e-05
9.1e-05
9.2e-05
8.9e-05
9.5e-05
9.3e-05
8.7e-05
9.2e-05
8.9e-05
8.8e-05
9.2e-05
9.3e-05
