0.000285
0.000128
7.8e-05
6.6e-05
7.3e-05
0.000132
6.4e-05
7.1e-05
6.8e-05
0.000102
7e-05
8.7e-05
6.4e-05
6.6e-05
6.9e-05
7.1e-05
7.6e-05
0.000128
7.6e-05
6.8e-05
0.000149
0.000142
0.000132
0.00011
0.000103
0.000118
0.000106
0.000118
0.000106
0.000109
0.000106
0.000118
0.000118
0.000113
0.000111
0.000118
0.000104
8.7e-05
0.000123
9.2e-05
0.000104
0.000139
9.6e-05
0.000113
0.000111
0.000115
0.000121
0.00012
0.000111
0.000101
0.000103
0.000108
0.000116
9e-05
9.5e-05
0.000106
0.000106
0.000113
0.000109
9.2e-05
0.000103
9e-05
6.6e-05
7.6e-05
0.000129
6.2e-05
7e-05
7.1e-05
6.8e-05
7.3e-05
7.3e-05
7.3e-05
6.7e-05
9.7e-05
7.1e-05
6.6e-05
7e-05
6.6e-05
0.000137
7.1e-05
0.00013
0.000113
0.000115
0.000106
0.000118
0.000104
9e-05
9.4e-05
0.000111
0.000104
0.000108
0.000111
0.000118
0.000121
0.000104
0.000107
9.7e-05
8.9e-05
9.2e-05
9.9e-05
7.3e-05
0.000104
6.4e-05
0.000104
7e-05
6.4e-05
6.9e-05
7.1e-05
6.8e-05
7.1e-05
7.5e-05
0.00013
9.7e-05
9.5e-05
9.6e-05
9.2e-05
0.000109
9.7e-05
0.000109
9.2e-05
8.2e-05
0.000113
0.000134
0.000111
9.5e-05
0.000116
0.000104
0.000114
8.7e-05
8e-05
7e-05
6.9e-05
0.000104
7.1e-05
6.9e-05
7.3e-05
6.9e-05
0.00012
7.3e-05
6.8e-05
7.1e-05
6.8e-05
7.5e-05
6.8e-05
6.3e-05
6.8e-05
6.9e-05
7e-05
7.6e-05
6.8e-05
9.9e-05
6.8e-05
6.8e-05
7.5e-05
7.1e-05
7.1e-05
7.3e-05
0.000111
9.6e-05
6.8e-05
6.8e-05
6.8e-05
7.3e-05
6.8e-05
7.3e-05
7e-05
6.8e-05
7e-05
0.000127
0.000118
9.7e-05
0.000104
0.000104
0.000111
0.000108
9.7e-05
0.000106
8.7e-05
7e-05
6.3e-05
6.8e-05
7.3e-05
0.000104
6.6e-05
6.3e-05
7.1e-05
6.9e-05
6.9e-05
9.7e-05
6.9e-05
9.7e-05
7.3e-05
0.000132
9.6e-05
0.00012
0.000116
0.000116
0.000104
9.6e-05
7.3e-05
6.4e-05
0.000127
7.6e-05
6.9e-05
6.6e-05
6.8e-05
6.3e-05
0.000104
0.000101
6.6e-05
6.9e-05
0.000101
7.1e-05
6.9e-05
7.4e-05
7e-05
6.8e-05
7e-05
7.6e-05
6.3e-05
0.000109
6.8e-05
6.4e-05
7.1e-05
7e-05
6.9e-05
7.1e-05
6.4e-05
6.8e-05
6.4e-05
0.000101
6.8e-05
6.9e-05
6.8e-05
6.9e-05
0.000123
7.1e-05
9.9e-05
7.3e-05
6.8e-05
9.7e-05
6.6e-05
6.8e-05
6.8e-05
7.1e-05
6.9e-05
0.000111
7.5e-05
0.000104
0.000122
7.3e-05
6.8e-05
6.8e-05
7.1e-05
7.1e-05
6.9e-05
6.8e-05
7.6e-05
7.1e-05
6.8e-05
6.8e-05
0.000118
0.000101
9.4e-05
9.2e-05
0.000104
9.4e-05
0.000101
0.000121
9.2e-05
0.00013
9.6e-05
0.00012
0.000123
0.00012
0.000123
0.000106
0.0001
0.000111
0.000111
0.000108
0.00013
0.000111
0.000116
0.000118
0.000128
0.000108
0.000106
7e-05
9.9e-05
7.1e-05
6.9e-05
6.9e-05
7.1e-05
0.00012
7.1e-05
7.1e-05
6.8e-05
6.4e-05
6.9e-05
7e-05
9.7e-05
6.9e-05
7.3e-05
6.7e-05
7e-05
0.000101
6.6e-05
7.1e-05
7e-05
6.4e-05
6.6e-05
6.8e-05
7.3e-05
7e-05
6.9e-05
0.000103
6.9e-05
7.1e-05
9.4e-05
7.1e-05
7.1e-05
6.6e-05
6.8e-05
6.8e-05
7.3e-05
7.1e-05
0.000104
6.9e-05
6.8e-05
6.4e-05
6.8e-05
6.6e-05
6.4e-05
7.5e-05
7.3e-05
6.6e-05
7e-05
6.2e-05
7.1e-05
6.9e-05
0.000101
7e-05
