0.000178
7.2e-05
8e-05
7.7e-05
7.1e-05
8.8e-05
8.2e-05
0.000126
8.8e-05
7.3e-05
9.8e-05
9e-05
8.5e-05
7.8e-05
7e-05
8.3e-05
9e-05
7.8e-05
9.2e-05
8e-05
7.3e-05
9.5e-05
0.008266
0.000153
0.000171
9.8e-05
8.8e-05
7.3e-05
0.000153
0.000153
0.000165
0.000155
0.000144
9.8e-05
9.3e-05
8.7e-05
8.3e-05
8.2e-05
9.5e-05
0.000106
8.8e-05
7.5e-05
5.5e-05
5.7e-05
5.5e-05
9.3e-05
5.5e-05
5.8e-05
5.4e-05
5.6e-05
5.8e-05
6.5e-05
6.7e-05
6.8e-05
6.7e-05
7.2e-05
6.8e-05
6.6e-05
6.7e-05
6.9e-05
6.8e-05
0.000166
6.4e-05
7.1e-05
6.7e-05
7.1e-05
6.7e-05
6.8e-05
0.007467
0.000143
8.9e-05
6.5e-05
9e-05
0.000113
9.3e-05
9.5e-05
6.7e-05
9.1e-05
8.7e-05
9e-05
8.8e-05
8.5e-05
8e-05
8.8e-05
9.3e-05
9.2e-05
7.7e-05
6.5e-05
9e-05
7e-05
0.000126
5.5e-05
5.5e-05
5.5e-05
6e-05
5.2e-05
5.3e-05
5.5e-05
5.3e-05
5.7e-05
0.000135
7.4e-05
0.000109
6.7e-05
7.4e-05
6.9e-05
6.7e-05
7.1e-05
6.5e-05
6.5e-05
6.5e-05
6.6e-05
6.7e-05
6.3e-05
7.2e-05
6.5e-05
6.3e-05
6.7e-05
6.9e-05
6.8e-05
6.8e-05
6.9e-05
7.2e-05
6.8e-05
6.8e-05
6.8e-05
6.7e-05
6.9e-05
6.5e-05
7e-05
6.9e-05
6.8e-05
6.9e-05
6.8e-05
7.1e-05
6.6e-05
6.8e-05
7.1e-05
6.6e-05
6.4e-05
6.9e-05
7.2e-05
6.9e-05
6.9e-05
6.6e-05
6.8e-05
0.000113
6.6e-05
0.000117
7.1e-05
7.2e-05
6.6e-05
7.2e-05
6.9e-05
7.2e-05
6.4e-05
7.1e-05
6.9e-05
6.6e-05
6.8e-05
6.7e-05
6.6e-05
6.7e-05
6.9e-05
6.8e-05
6.9e-05
0.000117
6.9e-05
7.1e-05
6.9e-05
0.000115
6.4e-05
6.8e-05
6.5e-05
6.6e-05
7.2e-05
7e-05
7.1e-05
0.000114
6.7e-05
7.1e-05
6.5e-05
0.000114
6.6e-05
0.000117
6.3e-05
0.000112
6.6e-05
6.8e-05
6.9e-05
0.000115
7.4e-05
6.8e-05
6.6e-05
6.9e-05
6.8e-05
0.000111
6.9e-05
7.1e-05
6.6e-05
0.000114
6.4e-05
7.1e-05
6.9e-05
6.8e-05
6.9e-05
6.8e-05
7.1e-05
6.8e-05
6.9e-05
6.8e-05
0.000118
6.8e-05
6.8e-05
6.7e-05
0.000123
6.5e-05
7.4e-05
6.9e-05
6.7e-05
6.5e-05
6.5e-05
6.9e-05
6.8e-05
0.000115
6.9e-05
0.000126
6.7e-05
0.000117
6.8e-05
0.000117
6.6e-05
6.4e-05
0.000117
6.6e-05
6.9e-05
6.3e-05
6.8e-05
6.9e-05
6.9e-05
6.9e-05
7.4e-05
0.000117
6.6e-05
6.6e-05
7.4e-05
6.8e-05
7.1e-05
6.8e-05
7.2e-05
6.8e-05
6.6e-05
7.1e-05
6.8e-05
0.000118
6.9e-05
6.9e-05
0.000114
6.8e-05
0.000115
7.1e-05
6.9e-05
0.00011
0.000118
6.9e-05
6.8e-05
6.7e-05
6.8e-05
6.4e-05
0.000117
6.5e-05
6.9e-05
6.9e-05
6.9e-05
6.9e-05
6.5e-05
6.9e-05
6.3e-05
0.000115
0.000111
6.9e-05
7.1e-05
0.000123
0.007904
7.5e-05
6.8e-05
6.5e-05
6.8e-05
6.8e-05
7.4e-05
0.000118
0.000114
8.3e-05
0.000118
8.1e-05
7.8e-05
7.8e-05
6.5e-05
5.5e-05
6.1e-05
9.7e-05
0.0001
5.8e-05
6.8e-05
7.4e-05
0.000118
6.3e-05
0.000121
0.000172
0.000126
9.1e-05
0.000102
6.5e-05
8.1e-05
7.4e-05
8e-05
9e-05
0.000106
0.000103
9e-05
8e-05
8.3e-05
7.7e-05
7.8e-05
8.8e-05
9.5e-05
6.6e-05
7e-05
5.3e-05
0.000107
0.000114
6.6e-05
6.7e-05
6.9e-05
6.8e-05
6.5e-05
6.7e-05
6.9e-05
6.3e-05
6.7e-05
6.8e-05
6.8e-05
7.1e-05
7.1e-05
7.4e-05
6.7e-05
6.8e-05
6.8e-05
7.4e-05
6.4e-05
0.000115
6.5e-05
6.8e-05
6.4e-05
6.8e-05
0.000141
6.8e-05
6.6e-05
6.8e-05
6.6e-05
6.8e-05
6.7e-05
